1 1 1 1 1 
1 0 1 1 
1 1 1 
1 1 
1 
1 1 1 1 1 
1 1 0 0 
1 1 1 
1 1 
1 
1 1 1 1 1 
0 0 1 0 
1 1 1 
1 1 
1 
1 1 1 1 1 
0 0 1 1 
1 1 0 
1 0 
1 
1 1 1 1 1 
0 0 1 1 
0 0 1 
1 0 
1 
1 1 1 0 1 
0 0 0 1 
0 1 1 
1 0 
1 
1 1 1 0 1 
0 0 0 0 
0 1 0 
1 1 
1 
1 1 1 0 1 
0 0 1 0 
0 0 0 
0 1 
1 
1 0 0 1 1 
0 0 1 0 
0 0 0 
0 1 
1 
1 0 0 0 1 
0 0 0 0 
0 1 0 
0 1 
1 
1 0 0 0 1 
0 1 0 0 
0 0 0 
0 0 
1 
Failed
Success = 0; Fail = 1
1 1 1 1 1 
1 0 1 1 
1 1 1 
1 1 
1 
1 1 1 1 1 
1 1 0 0 
1 1 1 
1 1 
1 
1 1 1 1 1 
0 0 1 0 
1 1 1 
1 1 
1 
1 1 1 1 1 
0 0 1 1 
1 1 0 
1 0 
1 
1 1 1 1 1 
0 1 0 0 
1 1 0 
1 0 
1 
1 1 1 1 1 
1 1 0 0 
0 1 0 
0 0 
1 
1 1 0 1 1 
1 0 0 0 
1 1 0 
0 0 
1 
1 1 1 0 0 
1 0 0 0 
1 1 0 
0 0 
1 
1 1 1 0 0 
0 0 0 0 
0 1 0 
1 0 
1 
1 0 0 1 0 
0 0 0 0 
0 1 0 
1 0 
1 
1 0 0 1 0 
0 0 0 0 
1 1 0 
0 0 
0 
1 0 0 1 0 
0 0 0 0 
0 0 1 
0 0 
0 
Failed
Success = 0; Fail = 2
1 1 1 1 1 
1 0 1 1 
1 1 1 
1 1 
1 
1 1 1 1 1 
1 1 0 0 
1 1 1 
1 1 
1 
1 1 1 1 1 
1 1 0 1 
1 1 0 
1 0 
1 
1 1 1 1 1 
1 0 0 1 
1 0 0 
1 1 
1 
1 1 1 1 1 
1 0 0 1 
1 0 1 
1 0 
0 
1 1 1 1 1 
1 0 0 0 
1 0 0 
1 1 
0 
1 1 1 1 1 
1 0 0 0 
0 0 0 
0 1 
1 
1 1 1 1 1 
1 0 0 0 
0 0 1 
0 0 
0 
0 1 1 1 1 
0 0 0 0 
1 0 1 
0 0 
0 
1 0 0 1 1 
0 0 0 0 
1 0 1 
0 0 
0 
1 0 1 0 0 
0 0 0 0 
1 0 1 
0 0 
0 
Failed
Success = 0; Fail = 3
1 1 1 1 1 
1 0 1 1 
1 1 1 
1 1 
1 
1 1 1 1 1 
1 1 1 1 
1 0 1 
1 0 
1 
1 1 1 0 1 
1 1 0 1 
1 1 1 
1 0 
1 
1 0 0 1 1 
1 1 0 1 
1 1 1 
1 0 
1 
1 0 0 1 1 
1 0 0 1 
1 0 1 
1 1 
1 
1 0 1 0 0 
1 0 0 1 
1 0 1 
1 1 
1 
1 0 1 0 1 
1 0 0 0 
1 0 0 
1 1 
1 
1 0 1 0 1 
1 0 0 0 
1 0 1 
1 0 
0 
1 0 1 0 1 
1 0 0 0 
0 0 1 
0 0 
1 
0 0 1 0 1 
0 0 0 0 
1 0 1 
0 0 
1 
Failed
Success = 0; Fail = 4
1 1 1 1 1 
1 0 1 1 
1 1 1 
1 1 
1 
1 1 1 1 1 
1 1 0 0 
1 1 1 
1 1 
1 
1 1 1 1 1 
1 1 1 0 
1 0 1 
0 1 
1 
1 1 1 1 1 
1 1 1 1 
1 0 0 
0 0 
1 
1 1 1 0 1 
1 1 0 1 
1 1 0 
0 0 
1 
1 1 1 0 1 
1 0 0 1 
1 0 0 
0 1 
1 
1 1 1 0 1 
0 0 0 1 
0 0 0 
1 1 
1 
1 1 1 0 1 
0 0 0 1 
1 0 0 
0 1 
0 
1 0 0 1 1 
0 0 0 1 
1 0 0 
0 1 
0 
1 0 1 0 0 
0 0 0 1 
1 0 0 
0 1 
0 
Failed
Success = 0; Fail = 5
1 1 1 1 1 
1 0 1 1 
1 1 1 
1 1 
1 
1 1 1 1 1 
1 1 0 0 
1 1 1 
1 1 
1 
1 1 1 1 1 
1 1 0 1 
1 1 0 
1 0 
1 
1 1 1 1 0 
1 1 0 0 
1 1 1 
1 0 
1 
1 1 1 1 0 
1 0 0 0 
1 0 1 
1 1 
1 
1 1 0 0 1 
1 0 0 0 
1 0 1 
1 1 
1 
0 0 1 0 1 
1 0 0 0 
1 0 1 
1 1 
1 
1 0 1 0 1 
0 0 0 0 
0 0 1 
1 1 
1 
1 0 1 0 1 
0 0 0 0 
1 0 1 
0 1 
0 
1 0 1 0 1 
0 0 0 1 
1 0 0 
0 0 
0 
1 0 1 0 0 
0 0 0 0 
1 0 1 
0 0 
0 
Failed
Success = 0; Fail = 6
1 1 1 1 1 
1 0 1 1 
1 1 1 
1 1 
1 
1 1 1 1 1 
1 1 0 0 
1 1 1 
1 1 
1 
1 1 1 1 1 
0 0 1 0 
1 1 1 
1 1 
1 
1 1 1 1 1 
1 0 1 0 
0 1 1 
0 1 
1 
0 1 1 1 1 
0 0 1 0 
1 1 1 
0 1 
1 
0 1 1 1 1 
0 1 1 0 
1 0 1 
0 0 
1 
0 1 1 0 1 
0 1 0 0 
1 1 1 
0 0 
1 
1 0 0 0 1 
0 1 0 0 
1 1 1 
0 0 
1 
1 0 0 0 1 
0 0 0 0 
1 0 1 
0 1 
1 
1 0 0 0 1 
0 0 0 1 
1 0 0 
0 0 
1 
1 0 0 0 0 
0 0 0 0 
1 0 1 
0 0 
1 
Failed
Success = 0; Fail = 7
1 1 1 1 1 
1 0 1 1 
1 1 1 
1 1 
1 
1 1 1 1 1 
1 1 0 0 
1 1 1 
1 1 
1 
1 1 1 1 1 
1 1 0 1 
1 1 0 
1 0 
1 
1 1 1 1 1 
1 0 0 1 
1 0 0 
1 1 
1 
1 1 1 1 1 
1 0 0 1 
1 0 1 
1 0 
0 
1 1 1 1 1 
1 0 0 0 
1 0 0 
1 1 
0 
1 1 1 1 1 
1 0 0 0 
0 0 0 
0 1 
1 
1 1 1 1 1 
1 0 0 0 
0 0 1 
0 0 
0 
0 1 1 1 1 
0 0 0 0 
1 0 1 
0 0 
0 
1 0 0 1 1 
0 0 0 0 
1 0 1 
0 0 
0 
1 0 1 0 0 
0 0 0 0 
1 0 1 
0 0 
0 
Failed
Success = 0; Fail = 8
1 1 1 1 1 
1 0 1 1 
1 1 1 
1 1 
1 
1 1 1 1 1 
1 1 0 0 
1 1 1 
1 1 
1 
1 1 1 1 1 
0 0 1 0 
1 1 1 
1 1 
1 
1 1 1 1 1 
0 1 1 0 
1 0 1 
1 0 
1 
1 1 1 1 1 
0 0 0 1 
1 0 1 
1 0 
1 
1 1 1 1 1 
1 0 0 1 
0 0 1 
0 0 
1 
1 1 1 1 1 
1 0 0 0 
0 0 0 
0 1 
1 
0 1 1 1 1 
0 0 0 0 
1 0 0 
0 1 
1 
0 1 1 1 1 
0 0 0 0 
1 0 1 
0 0 
0 
1 0 0 1 1 
0 0 0 0 
1 0 1 
0 0 
0 
1 0 1 0 0 
0 0 0 0 
1 0 1 
0 0 
0 
Failed
Success = 0; Fail = 9
1 1 1 1 1 
1 0 1 1 
1 1 1 
1 1 
1 
1 1 1 1 1 
1 1 1 1 
1 0 1 
1 0 
1 
1 1 1 0 1 
1 1 0 1 
1 1 1 
1 0 
1 
1 1 1 0 1 
1 1 0 0 
1 1 0 
1 1 
1 
1 1 1 0 1 
1 1 0 0 
1 1 1 
1 0 
0 
1 0 0 1 1 
1 1 0 0 
1 1 1 
1 0 
0 
1 0 0 1 1 
1 1 1 0 
1 0 1 
0 0 
0 
1 0 1 1 1 
1 0 1 0 
0 0 1 
0 0 
0 
1 1 0 0 1 
1 0 1 0 
0 0 1 
0 0 
0 
0 1 0 0 1 
0 0 1 0 
1 0 1 
0 0 
0 
0 1 1 0 1 
0 0 0 0 
1 0 0 
0 0 
0 
0 0 0 1 1 
0 0 0 0 
1 0 0 
0 0 
0 
0 0 1 0 0 
0 0 0 0 
1 0 0 
0 0 
0 
Failed
Success = 0; Fail = 10
1 1 1 1 1 
1 0 1 1 
1 1 1 
1 1 
1 
1 1 1 1 1 
1 1 0 0 
1 1 1 
1 1 
1 
1 1 1 1 1 
1 1 0 1 
1 1 0 
1 0 
1 
1 1 1 1 1 
0 0 1 1 
1 1 0 
1 0 
1 
1 1 1 1 1 
0 1 0 0 
1 1 0 
1 0 
1 
1 1 1 1 1 
0 0 0 0 
1 0 0 
1 1 
1 
1 1 1 1 1 
1 0 0 0 
0 0 0 
0 1 
1 
0 1 1 1 1 
0 0 0 0 
1 0 0 
0 1 
1 
0 1 1 1 1 
0 0 0 0 
1 0 1 
0 0 
0 
1 0 0 1 1 
0 0 0 0 
1 0 1 
0 0 
0 
1 0 1 0 0 
0 0 0 0 
1 0 1 
0 0 
0 
Failed
Success = 0; Fail = 11
1 1 1 1 1 
1 0 1 1 
1 1 1 
1 1 
1 
1 1 1 1 1 
1 1 0 0 
1 1 1 
1 1 
1 
1 1 1 1 1 
0 0 1 0 
1 1 1 
1 1 
1 
1 1 1 1 1 
0 0 1 1 
1 1 0 
1 0 
1 
1 1 0 1 1 
0 0 0 1 
1 1 1 
1 0 
1 
1 1 0 1 1 
1 0 0 1 
0 1 1 
0 0 
1 
0 1 0 1 1 
0 0 0 1 
1 1 1 
0 0 
1 
0 1 0 1 1 
0 0 0 0 
1 1 0 
0 1 
1 
0 1 0 1 1 
0 0 0 0 
0 0 1 
0 1 
1 
0 1 1 0 0 
0 0 0 0 
0 0 1 
0 1 
1 
0 1 1 0 0 
0 0 0 1 
0 0 0 
0 0 
1 
0 0 0 1 0 
0 0 0 1 
0 0 0 
0 0 
1 
Failed
Success = 0; Fail = 12
1 1 1 1 1 
1 0 1 1 
1 1 1 
1 1 
1 
1 1 1 1 1 
1 1 1 1 
1 0 1 
1 0 
1 
1 1 1 0 1 
1 1 0 1 
1 1 1 
1 0 
1 
1 0 0 1 1 
1 1 0 1 
1 1 1 
1 0 
1 
1 1 0 1 1 
1 0 0 1 
1 0 1 
1 0 
1 
0 0 1 1 1 
1 0 0 1 
1 0 1 
1 0 
1 
0 0 1 1 1 
1 0 0 0 
1 0 0 
1 1 
1 
1 0 1 1 1 
0 0 0 0 
0 0 0 
1 1 
1 
1 1 0 0 1 
0 0 0 0 
0 0 0 
1 1 
1 
1 1 0 0 1 
0 0 0 0 
0 0 1 
1 0 
0 
0 0 1 0 1 
0 0 0 0 
0 0 1 
1 0 
0 
Failed
Success = 0; Fail = 13
1 1 1 1 1 
1 0 1 1 
1 1 1 
1 1 
1 
1 1 1 1 1 
1 1 1 1 
1 0 1 
1 0 
1 
1 1 1 0 1 
1 1 0 1 
1 1 1 
1 0 
1 
1 0 0 1 1 
1 1 0 1 
1 1 1 
1 0 
1 
1 0 0 1 1 
1 1 0 0 
1 1 0 
1 1 
1 
1 0 0 1 1 
1 1 1 0 
1 0 0 
0 1 
1 
1 0 0 1 1 
1 1 1 0 
1 0 1 
0 0 
0 
1 0 1 1 1 
1 1 0 0 
1 0 0 
0 0 
0 
1 0 1 1 1 
0 0 1 0 
1 0 0 
0 0 
0 
1 0 0 1 1 
0 0 0 0 
1 0 1 
0 0 
0 
1 0 1 0 0 
0 0 0 0 
1 0 1 
0 0 
0 
Failed
Success = 0; Fail = 14
1 1 1 1 1 
1 0 1 1 
1 1 1 
1 1 
1 
1 1 1 1 1 
1 1 0 0 
1 1 1 
1 1 
1 
1 1 1 1 1 
1 1 1 0 
1 0 1 
0 1 
1 
1 1 1 1 1 
1 1 1 1 
1 0 0 
0 0 
1 
1 1 0 1 1 
1 1 0 1 
1 0 1 
0 0 
1 
1 0 0 1 1 
1 0 0 1 
1 1 1 
0 0 
1 
1 0 0 1 1 
0 0 0 1 
0 1 1 
1 0 
1 
1 0 0 1 1 
0 0 1 1 
0 0 1 
0 0 
1 
1 0 0 1 1 
0 1 0 0 
0 0 1 
0 0 
1 
1 0 1 0 0 
0 1 0 0 
0 0 1 
0 0 
1 
1 0 0 0 0 
0 0 0 0 
1 0 1 
0 0 
1 
Failed
Success = 0; Fail = 15
1 1 1 1 1 
1 0 1 1 
1 1 1 
1 1 
1 
1 1 1 1 1 
1 1 1 1 
1 0 1 
1 0 
1 
1 1 1 0 1 
1 1 0 1 
1 1 1 
1 0 
1 
1 1 1 0 1 
1 1 0 0 
1 1 0 
1 1 
1 
1 1 1 0 1 
0 0 1 0 
1 1 0 
1 1 
1 
1 1 0 0 1 
0 0 0 0 
1 1 1 
1 1 
1 
1 1 0 0 1 
0 1 0 0 
1 0 1 
1 0 
1 
1 1 1 0 1 
0 0 0 0 
0 0 1 
1 0 
1 
1 0 0 1 1 
0 0 0 0 
0 0 1 
1 0 
1 
1 0 1 0 0 
0 0 0 0 
0 0 1 
1 0 
1 
1 0 1 0 0 
0 0 0 0 
1 0 1 
0 0 
0 
Failed
Success = 0; Fail = 16
1 1 1 1 1 
1 0 1 1 
1 1 1 
1 1 
1 
1 1 1 1 1 
1 1 0 0 
1 1 1 
1 1 
1 
1 1 1 1 1 
1 1 0 1 
1 1 0 
1 0 
1 
1 1 1 1 1 
0 0 1 1 
1 1 0 
1 0 
1 
1 1 1 1 1 
0 0 1 1 
0 0 1 
1 0 
1 
1 1 1 0 1 
0 0 0 1 
0 1 1 
1 0 
1 
1 1 1 0 1 
0 0 1 1 
0 0 1 
0 0 
1 
1 1 1 0 1 
0 1 0 0 
0 0 1 
0 0 
1 
1 0 1 0 1 
0 0 0 0 
0 1 1 
0 0 
1 
1 0 1 0 1 
0 0 0 0 
1 0 0 
0 0 
1 
Failed
Success = 0; Fail = 17
1 1 1 1 1 
1 0 1 1 
1 1 1 
1 1 
1 
1 1 1 1 1 
1 1 1 1 
1 0 1 
1 0 
1 
1 1 1 0 1 
1 1 0 1 
1 1 1 
1 0 
1 
1 1 1 0 1 
1 1 0 0 
1 1 0 
1 1 
1 
1 0 0 1 1 
1 1 0 0 
1 1 0 
1 1 
1 
1 0 1 1 1 
1 0 0 0 
0 1 0 
1 1 
1 
1 0 1 1 1 
1 0 0 0 
1 1 0 
0 1 
0 
1 0 1 1 1 
1 1 0 0 
1 0 0 
0 0 
0 
1 0 1 1 1 
0 1 0 0 
0 0 0 
1 0 
0 
1 0 0 1 1 
0 0 0 0 
1 0 0 
1 0 
0 
1 0 1 0 0 
0 0 0 0 
1 0 0 
1 0 
0 
1 0 1 0 0 
0 0 0 0 
0 0 0 
0 0 
1 
Failed
Success = 0; Fail = 18
1 1 1 1 1 
1 0 1 1 
1 1 1 
1 1 
1 
1 1 1 1 1 
1 1 1 1 
1 0 1 
1 0 
1 
1 1 1 1 1 
1 1 1 0 
1 0 0 
1 1 
1 
1 1 1 1 1 
1 0 0 1 
1 0 0 
1 1 
1 
1 1 1 1 0 
1 0 0 0 
1 0 1 
1 1 
1 
1 1 0 0 1 
1 0 0 0 
1 0 1 
1 1 
1 
0 0 1 0 1 
1 0 0 0 
1 0 1 
1 1 
1 
0 0 1 0 1 
1 0 0 1 
1 0 0 
1 0 
1 
0 0 1 0 0 
1 0 0 0 
1 0 1 
1 0 
1 
1 0 1 0 0 
0 0 0 0 
0 0 1 
1 0 
1 
1 0 1 0 0 
0 0 0 0 
1 0 1 
0 0 
0 
Failed
Success = 0; Fail = 19
1 1 1 1 1 
1 0 1 1 
1 1 1 
1 1 
1 
1 1 1 1 1 
1 1 0 0 
1 1 1 
1 1 
1 
1 1 1 1 1 
1 1 0 1 
1 1 0 
1 0 
1 
1 1 1 1 1 
1 1 1 1 
1 0 0 
0 0 
1 
1 1 0 1 1 
1 1 0 1 
1 0 1 
0 0 
1 
1 1 0 1 1 
0 0 1 1 
1 0 1 
0 0 
1 
0 0 1 1 1 
0 0 1 1 
1 0 1 
0 0 
1 
0 0 1 1 1 
0 0 1 0 
1 0 0 
0 1 
1 
0 0 0 1 1 
0 0 0 0 
1 0 1 
0 1 
1 
0 0 1 0 0 
0 0 0 0 
1 0 1 
0 1 
1 
0 0 1 0 0 
0 0 0 1 
1 0 0 
0 0 
1 
Failed
Success = 0; Fail = 20
1 1 1 1 1 
1 0 1 1 
1 1 1 
1 1 
1 
1 1 1 1 1 
1 1 0 0 
1 1 1 
1 1 
1 
1 1 1 1 1 
1 1 0 1 
1 1 0 
1 0 
1 
1 1 1 1 1 
0 0 1 1 
1 1 0 
1 0 
1 
1 1 1 1 1 
0 1 0 0 
1 1 0 
1 0 
1 
1 1 1 1 1 
0 0 0 0 
1 0 0 
1 1 
1 
1 1 1 1 1 
1 0 0 0 
0 0 0 
0 1 
1 
1 1 1 1 1 
1 0 0 0 
0 0 1 
0 0 
0 
0 1 1 1 1 
0 0 0 0 
1 0 1 
0 0 
0 
1 0 0 1 1 
0 0 0 0 
1 0 1 
0 0 
0 
1 0 1 0 0 
0 0 0 0 
1 0 1 
0 0 
0 
Failed
Success = 0; Fail = 21
1 1 1 1 1 
1 0 1 1 
1 1 1 
1 1 
1 
1 1 1 1 1 
1 1 0 0 
1 1 1 
1 1 
1 
1 1 1 1 1 
1 1 0 1 
1 1 0 
1 0 
1 
1 1 1 1 1 
1 0 0 1 
1 0 0 
1 1 
1 
1 1 1 1 0 
1 0 0 0 
1 0 1 
1 1 
1 
1 1 0 0 1 
1 0 0 0 
1 0 1 
1 1 
1 
0 0 1 0 1 
1 0 0 0 
1 0 1 
1 1 
1 
1 0 1 0 1 
0 0 0 0 
0 0 1 
1 1 
1 
1 0 1 0 1 
0 0 0 0 
1 0 1 
0 1 
0 
1 0 1 0 1 
0 0 0 0 
1 0 0 
0 0 
1 
Failed
Success = 0; Fail = 22
1 1 1 1 1 
1 0 1 1 
1 1 1 
1 1 
1 
1 1 1 1 1 
1 1 0 0 
1 1 1 
1 1 
1 
1 1 1 1 1 
1 1 0 1 
1 1 0 
1 0 
1 
1 1 1 1 1 
1 1 1 1 
1 0 0 
0 0 
1 
1 1 1 0 1 
1 1 0 1 
1 1 0 
0 0 
1 
1 1 1 0 1 
0 1 0 1 
0 1 0 
1 0 
1 
1 0 0 1 1 
0 1 0 1 
0 1 0 
1 0 
1 
1 0 0 1 1 
0 0 0 1 
0 0 0 
1 1 
1 
1 0 0 1 0 
0 0 0 0 
0 0 1 
1 1 
1 
1 0 0 1 0 
0 0 0 1 
0 0 0 
1 0 
1 
1 0 0 1 0 
0 0 0 1 
1 0 0 
0 0 
0 
Failed
Success = 0; Fail = 23
1 1 1 1 1 
1 0 1 1 
1 1 1 
1 1 
1 
1 1 1 1 1 
1 1 0 0 
1 1 1 
1 1 
1 
1 1 1 1 1 
1 1 0 1 
1 1 0 
1 0 
1 
1 1 1 1 1 
1 0 0 1 
1 0 0 
1 1 
1 
1 1 1 1 0 
1 0 0 0 
1 0 1 
1 1 
1 
1 1 0 0 1 
1 0 0 0 
1 0 1 
1 1 
1 
0 0 1 0 1 
1 0 0 0 
1 0 1 
1 1 
1 
1 0 1 0 1 
0 0 0 0 
0 0 1 
1 1 
1 
1 0 1 0 1 
0 0 0 1 
0 0 0 
1 0 
1 
1 0 1 0 0 
0 0 0 0 
0 0 1 
1 0 
1 
1 0 1 0 0 
0 0 0 0 
1 0 1 
0 0 
0 
Failed
Success = 0; Fail = 24
1 1 1 1 1 
1 0 1 1 
1 1 1 
1 1 
1 
1 1 1 1 1 
1 1 1 1 
1 0 1 
1 0 
1 
1 0 1 1 1 
1 0 1 1 
1 1 1 
1 0 
1 
1 0 1 1 1 
1 0 1 0 
1 1 0 
1 1 
1 
1 0 1 1 1 
1 0 1 0 
0 0 1 
1 1 
1 
1 0 1 1 1 
1 0 1 0 
1 0 1 
0 1 
0 
1 0 1 1 1 
0 0 1 0 
0 0 1 
1 1 
0 
1 0 1 0 1 
0 0 0 0 
0 1 1 
1 1 
0 
1 0 1 0 1 
0 1 0 0 
0 0 1 
1 0 
0 
1 0 0 0 1 
0 0 0 0 
1 0 1 
1 0 
0 
1 0 0 0 1 
0 0 0 0 
0 0 1 
0 0 
1 
Failed
Success = 0; Fail = 25
1 1 1 1 1 
1 0 1 1 
1 1 1 
1 1 
1 
1 1 1 1 1 
1 1 1 1 
1 0 1 
1 0 
1 
1 1 1 0 1 
1 1 0 1 
1 1 1 
1 0 
1 
1 1 1 0 1 
1 1 0 0 
1 1 0 
1 1 
1 
1 0 0 1 1 
1 1 0 0 
1 1 0 
1 1 
1 
1 0 0 1 1 
1 1 1 0 
1 0 0 
0 1 
1 
1 0 1 0 0 
1 1 1 0 
1 0 0 
0 1 
1 
1 0 1 0 0 
1 0 0 1 
1 0 0 
0 1 
1 
1 0 1 0 0 
1 0 0 1 
1 0 1 
0 0 
0 
1 0 1 0 0 
1 0 0 0 
1 0 0 
0 1 
0 
1 0 1 0 0 
0 0 0 0 
0 0 0 
1 1 
0 
Failed
Success = 0; Fail = 26
1 1 1 1 1 
1 0 1 1 
1 1 1 
1 1 
1 
1 1 1 1 1 
1 1 1 1 
1 0 1 
1 0 
1 
1 1 1 0 1 
1 1 0 1 
1 1 1 
1 0 
1 
1 1 1 0 1 
1 1 0 0 
1 1 0 
1 1 
1 
1 1 1 0 1 
1 1 0 0 
0 0 1 
1 1 
1 
1 1 1 0 1 
0 0 1 0 
0 0 1 
1 1 
1 
1 0 0 1 1 
0 0 1 0 
0 0 1 
1 1 
1 
1 0 1 0 0 
0 0 1 0 
0 0 1 
1 1 
1 
1 0 1 0 0 
0 0 1 1 
0 0 0 
1 0 
1 
1 0 0 0 0 
0 0 0 1 
0 0 1 
1 0 
1 
1 0 0 0 0 
0 0 0 0 
0 0 0 
1 1 
1 
1 0 0 0 0 
0 0 0 0 
1 0 0 
0 1 
0 
Failed
Success = 0; Fail = 27
1 1 1 1 1 
1 0 1 1 
1 1 1 
1 1 
1 
1 1 1 1 1 
1 1 0 0 
1 1 1 
1 1 
1 
1 1 1 1 1 
1 1 0 1 
1 1 0 
1 0 
1 
1 1 1 1 1 
0 0 1 1 
1 1 0 
1 0 
1 
1 1 0 1 1 
0 0 0 1 
1 1 1 
1 0 
1 
1 1 0 1 1 
0 0 0 0 
1 1 0 
1 1 
1 
1 1 1 0 0 
0 0 0 0 
1 1 0 
1 1 
1 
1 0 0 1 0 
0 0 0 0 
1 1 0 
1 1 
1 
1 0 0 1 0 
0 0 1 0 
1 0 0 
0 1 
1 
1 0 0 1 0 
0 0 1 0 
1 0 1 
0 0 
0 
1 0 0 0 0 
0 0 0 0 
1 1 1 
0 0 
0 
Failed
Success = 0; Fail = 28
1 1 1 1 1 
1 0 1 1 
1 1 1 
1 1 
1 
1 1 1 1 1 
1 1 1 1 
1 0 1 
1 0 
1 
1 1 1 1 1 
1 1 1 0 
1 0 0 
1 1 
1 
1 1 1 1 1 
1 1 1 0 
1 0 1 
1 0 
0 
1 1 1 1 1 
1 0 0 1 
1 0 1 
1 0 
0 
1 1 1 1 1 
1 0 0 0 
1 0 0 
1 1 
0 
1 1 1 1 1 
1 0 0 0 
0 0 0 
0 1 
1 
0 1 1 1 1 
0 0 0 0 
1 0 0 
0 1 
1 
0 1 1 1 1 
0 0 0 0 
1 0 1 
0 0 
0 
1 0 0 1 1 
0 0 0 0 
1 0 1 
0 0 
0 
1 0 1 0 0 
0 0 0 0 
1 0 1 
0 0 
0 
Failed
Success = 0; Fail = 29
1 1 1 1 1 
1 0 1 1 
1 1 1 
1 1 
1 
1 1 1 1 1 
1 1 0 0 
1 1 1 
1 1 
1 
1 1 1 1 1 
1 1 1 0 
1 0 1 
0 1 
1 
1 1 1 1 1 
1 1 1 1 
1 0 0 
0 0 
1 
1 0 1 1 1 
1 0 1 1 
1 1 0 
0 0 
1 
1 0 1 1 0 
1 0 1 0 
1 1 1 
0 0 
1 
1 0 1 1 0 
0 0 1 0 
0 1 1 
1 0 
1 
1 0 1 1 0 
0 0 1 0 
1 0 0 
1 0 
1 
1 0 0 0 1 
0 0 1 0 
1 0 0 
1 0 
1 
1 0 0 0 1 
1 0 1 0 
0 0 0 
0 0 
1 
0 0 0 0 1 
0 0 1 0 
1 0 0 
0 0 
1 
Failed
Success = 0; Fail = 30
1 1 1 1 1 
1 0 1 1 
1 1 1 
1 1 
1 
1 1 1 1 1 
1 1 0 0 
1 1 1 
1 1 
1 
1 1 1 1 1 
1 1 0 1 
1 1 0 
1 0 
1 
1 1 1 1 1 
0 0 1 1 
1 1 0 
1 0 
1 
1 1 1 1 1 
1 0 1 1 
0 1 0 
0 0 
1 
1 1 1 1 1 
1 1 0 0 
0 1 0 
0 0 
1 
0 1 1 1 1 
0 1 0 0 
1 1 0 
0 0 
1 
0 1 1 1 1 
0 0 0 0 
1 0 0 
0 1 
1 
0 1 1 1 1 
0 0 0 0 
1 0 1 
0 0 
0 
1 0 0 1 1 
0 0 0 0 
1 0 1 
0 0 
0 
1 0 1 0 0 
0 0 0 0 
1 0 1 
0 0 
0 
Failed
Success = 0; Fail = 31
1 1 1 1 1 
1 0 1 1 
1 1 1 
1 1 
1 
1 1 1 1 1 
1 1 1 1 
1 0 1 
1 0 
1 
1 0 1 1 1 
1 0 1 1 
1 1 1 
1 0 
1 
1 0 1 1 1 
1 0 1 0 
1 1 0 
1 1 
1 
1 0 0 1 1 
1 0 0 0 
1 1 1 
1 1 
1 
1 0 0 1 1 
1 1 0 0 
1 0 1 
1 0 
1 
1 0 1 1 1 
1 0 0 0 
0 0 1 
1 0 
1 
1 1 0 0 1 
1 0 0 0 
0 0 1 
1 0 
1 
0 0 1 0 1 
1 0 0 0 
0 0 1 
1 0 
1 
0 0 1 0 1 
1 0 0 0 
1 0 1 
0 0 
0 
1 0 1 0 1 
0 0 0 0 
0 0 1 
0 0 
0 
Failed
Success = 0; Fail = 32
1 1 1 1 1 
1 0 1 1 
1 1 1 
1 1 
1 
1 1 1 1 1 
1 1 0 0 
1 1 1 
1 1 
1 
1 1 1 1 1 
1 1 1 0 
1 0 1 
0 1 
1 
1 0 1 1 1 
1 0 1 0 
1 1 1 
0 1 
1 
1 0 1 1 1 
0 0 1 0 
0 1 1 
1 1 
1 
1 1 0 0 1 
0 0 1 0 
0 1 1 
1 1 
1 
1 1 0 0 1 
0 0 1 0 
1 1 1 
0 1 
0 
1 1 0 0 1 
0 1 1 0 
1 0 1 
0 0 
0 
1 1 0 0 1 
0 0 0 1 
1 0 1 
0 0 
0 
1 1 0 0 1 
0 0 0 0 
1 0 0 
0 1 
0 
0 0 1 0 1 
0 0 0 0 
1 0 0 
0 1 
0 
Failed
Success = 0; Fail = 33
1 1 1 1 1 
1 0 1 1 
1 1 1 
1 1 
1 
1 1 1 1 1 
1 1 0 0 
1 1 1 
1 1 
1 
1 1 1 1 1 
0 0 1 0 
1 1 1 
1 1 
1 
1 1 1 1 1 
0 1 1 0 
1 0 1 
1 0 
1 
1 1 1 1 1 
1 0 0 0 
1 0 1 
1 0 
1 
Failed
Success = 0; Fail = 34
1 1 1 1 1 
1 0 1 1 
1 1 1 
1 1 
1 
1 1 1 1 1 
1 1 1 1 
1 0 1 
1 0 
1 
1 1 1 0 1 
1 1 0 1 
1 1 1 
1 0 
1 
1 1 1 0 1 
1 1 1 1 
1 0 1 
0 0 
1 
1 0 1 0 1 
1 0 1 1 
1 1 1 
0 0 
1 
1 0 1 1 1 
1 0 0 1 
1 0 1 
0 0 
1 
1 1 0 0 1 
1 0 0 1 
1 0 1 
0 0 
1 
1 1 0 0 1 
1 0 0 0 
1 0 0 
0 1 
1 
1 1 0 0 1 
0 0 0 0 
0 0 0 
1 1 
1 
1 1 0 0 1 
0 0 0 0 
1 0 0 
0 1 
0 
0 0 1 0 1 
0 0 0 0 
1 0 0 
0 1 
0 
Failed
Success = 0; Fail = 35
1 1 1 1 1 
1 0 1 1 
1 1 1 
1 1 
1 
1 1 1 1 1 
1 1 0 0 
1 1 1 
1 1 
1 
1 1 1 1 1 
0 0 1 0 
1 1 1 
1 1 
1 
1 1 1 1 1 
1 0 1 0 
0 1 1 
0 1 
1 
1 1 1 1 1 
1 0 1 1 
0 1 0 
0 0 
1 
1 1 1 1 1 
1 0 0 1 
0 0 0 
1 0 
1 
0 1 1 1 1 
0 0 0 1 
1 0 0 
1 0 
1 
0 1 1 1 0 
0 0 0 0 
1 0 1 
1 0 
1 
0 1 0 0 1 
0 0 0 0 
1 0 1 
1 0 
1 
0 1 0 0 1 
1 0 0 0 
0 0 1 
0 0 
1 
Failed
Success = 0; Fail = 36
1 1 1 1 1 
1 0 1 1 
1 1 1 
1 1 
1 
1 1 1 1 1 
1 1 1 1 
1 0 1 
1 0 
1 
1 1 1 1 1 
1 1 1 0 
1 0 0 
1 1 
1 
1 1 0 1 1 
1 1 0 0 
1 0 1 
1 1 
1 
0 0 1 1 1 
1 1 0 0 
1 0 1 
1 1 
1 
1 0 1 1 1 
0 1 0 0 
0 0 1 
1 1 
1 
1 0 0 1 1 
0 0 0 0 
1 0 1 
1 1 
1 
1 0 0 1 1 
1 0 0 0 
0 0 1 
0 1 
1 
1 0 1 0 0 
1 0 0 0 
0 0 1 
0 1 
1 
1 0 1 0 0 
1 0 0 1 
0 0 0 
0 0 
1 
0 0 1 0 0 
0 0 0 1 
1 0 0 
0 0 
1 
Failed
Success = 0; Fail = 37
1 1 1 1 1 
1 0 1 1 
1 1 1 
1 1 
1 
1 1 1 1 1 
1 1 1 1 
1 0 1 
1 0 
1 
1 1 1 0 1 
1 1 0 1 
1 1 1 
1 0 
1 
1 1 1 0 1 
0 0 1 1 
1 1 1 
1 0 
1 
1 1 1 0 1 
1 0 1 1 
0 1 1 
0 0 
1 
1 1 1 1 1 
1 0 0 1 
0 0 1 
0 0 
1 
0 1 1 1 1 
0 0 0 1 
1 0 1 
0 0 
1 
0 1 1 1 1 
0 0 0 0 
1 0 0 
0 1 
1 
1 0 0 1 1 
0 0 0 0 
1 0 0 
0 1 
1 
1 0 1 0 0 
0 0 0 0 
1 0 0 
0 1 
1 
1 0 1 0 0 
0 0 0 0 
1 0 1 
0 0 
0 
Failed
Success = 0; Fail = 38
1 1 1 1 1 
1 0 1 1 
1 1 1 
1 1 
1 
1 1 1 1 1 
1 1 1 1 
1 0 1 
1 0 
1 
1 0 1 1 1 
1 0 1 1 
1 1 1 
1 0 
1 
1 1 0 0 1 
1 0 1 1 
1 1 1 
1 0 
1 
1 1 0 1 1 
1 0 0 1 
1 0 1 
1 0 
1 
1 1 0 1 1 
1 0 0 0 
1 0 0 
1 1 
1 
1 1 1 0 0 
1 0 0 0 
1 0 0 
1 1 
1 
1 1 1 0 0 
1 0 0 0 
1 0 1 
1 0 
0 
1 1 1 0 0 
1 0 0 0 
0 0 1 
0 0 
1 
1 0 0 1 0 
1 0 0 0 
0 0 1 
0 0 
1 
0 0 0 1 0 
0 0 0 0 
1 0 1 
0 0 
1 
Failed
Success = 0; Fail = 39
1 1 1 1 1 
1 0 1 1 
1 1 1 
1 1 
1 
1 1 1 1 1 
1 1 0 0 
1 1 1 
1 1 
1 
1 1 1 1 1 
1 1 0 1 
1 1 0 
1 0 
1 
1 1 1 1 0 
1 1 0 0 
1 1 1 
1 0 
1 
1 1 0 0 1 
1 1 0 0 
1 1 1 
1 0 
1 
1 1 0 0 1 
1 1 1 0 
1 0 1 
0 0 
1 
1 1 0 0 1 
0 1 1 0 
0 0 1 
1 0 
1 
1 1 0 0 1 
0 0 0 1 
0 0 1 
1 0 
1 
0 0 1 0 1 
0 0 0 1 
0 0 1 
1 0 
1 
0 0 1 0 1 
0 0 0 1 
1 0 1 
0 0 
0 
0 0 1 0 1 
0 0 0 0 
1 0 0 
0 1 
0 
Failed
Success = 0; Fail = 40
1 1 1 1 1 
1 0 1 1 
1 1 1 
1 1 
1 
1 1 1 1 1 
1 1 1 1 
1 0 1 
1 0 
1 
1 0 1 1 1 
1 0 1 1 
1 1 1 
1 0 
1 
1 0 1 1 1 
1 0 1 0 
1 1 0 
1 1 
1 
1 0 1 1 1 
1 0 1 0 
1 1 1 
1 0 
0 
1 1 0 0 1 
1 0 1 0 
1 1 1 
1 0 
0 
1 1 1 0 1 
1 0 0 0 
1 1 0 
1 0 
0 
1 1 1 0 1 
1 0 0 0 
0 0 1 
1 0 
0 
1 0 0 1 1 
1 0 0 0 
0 0 1 
1 0 
0 
1 0 1 0 0 
1 0 0 0 
0 0 1 
1 0 
0 
0 0 1 0 0 
0 0 0 0 
1 0 1 
1 0 
0 
0 0 1 0 0 
1 0 0 0 
0 0 1 
0 0 
0 
Failed
Success = 0; Fail = 41
1 1 1 1 1 
1 0 1 1 
1 1 1 
1 1 
1 
1 1 1 1 1 
1 1 1 1 
1 0 1 
1 0 
1 
1 1 1 0 1 
1 1 0 1 
1 1 1 
1 0 
1 
1 1 1 0 1 
1 1 1 1 
1 0 1 
0 0 
1 
1 1 1 0 1 
1 1 1 0 
1 0 0 
0 1 
1 
1 1 1 0 1 
1 0 0 1 
1 0 0 
0 1 
1 
1 0 0 1 1 
1 0 0 1 
1 0 0 
0 1 
1 
1 0 0 1 1 
1 0 0 1 
1 0 1 
0 0 
0 
1 0 0 1 1 
0 0 0 1 
0 0 1 
1 0 
0 
1 0 1 0 0 
0 0 0 1 
0 0 1 
1 0 
0 
1 0 1 0 0 
0 0 0 0 
0 0 0 
1 1 
0 
Failed
Success = 0; Fail = 42
1 1 1 1 1 
1 0 1 1 
1 1 1 
1 1 
1 
1 1 1 1 1 
1 1 0 0 
1 1 1 
1 1 
1 
1 1 1 1 1 
0 0 1 0 
1 1 1 
1 1 
1 
1 1 1 1 1 
0 1 1 0 
1 0 1 
1 0 
1 
1 1 1 1 1 
1 0 0 0 
1 0 1 
1 0 
1 
Failed
Success = 0; Fail = 43
1 1 1 1 1 
1 0 1 1 
1 1 1 
1 1 
1 
1 1 1 1 1 
1 1 0 0 
1 1 1 
1 1 
1 
1 1 1 1 1 
1 1 0 1 
1 1 0 
1 0 
1 
1 1 1 1 1 
1 1 0 1 
0 0 1 
1 0 
1 
1 1 0 1 1 
1 0 0 1 
1 0 1 
1 0 
1 
0 0 1 1 1 
1 0 0 1 
1 0 1 
1 0 
1 
0 0 1 1 1 
1 0 0 0 
1 0 0 
1 1 
1 
1 0 1 1 1 
0 0 0 0 
0 0 0 
1 1 
1 
1 0 1 1 1 
0 0 0 0 
0 0 1 
1 0 
0 
1 1 0 0 1 
0 0 0 0 
0 0 1 
1 0 
0 
0 0 1 0 1 
0 0 0 0 
0 0 1 
1 0 
0 
Failed
Success = 0; Fail = 44
1 1 1 1 1 
1 0 1 1 
1 1 1 
1 1 
1 
1 1 1 1 1 
1 1 1 1 
1 0 1 
1 0 
1 
1 1 1 0 1 
1 1 0 1 
1 1 1 
1 0 
1 
1 1 1 0 1 
1 1 1 1 
1 0 1 
0 0 
1 
1 0 1 0 1 
1 0 1 1 
1 1 1 
0 0 
1 
1 0 1 0 1 
1 1 0 0 
1 1 1 
0 0 
1 
1 0 1 0 1 
1 0 0 0 
1 0 1 
0 1 
1 
1 0 1 0 1 
1 0 0 1 
1 0 0 
0 0 
1 
1 0 1 0 1 
0 0 0 1 
0 0 0 
1 0 
1 
1 0 1 0 0 
0 0 0 0 
0 0 1 
1 0 
1 
1 0 1 0 0 
0 0 0 0 
1 0 1 
0 0 
0 
Failed
Success = 0; Fail = 45
1 1 1 1 1 
1 0 1 1 
1 1 1 
1 1 
1 
1 1 1 1 1 
1 1 1 1 
1 0 1 
1 0 
1 
1 0 1 1 1 
1 0 1 1 
1 1 1 
1 0 
1 
1 0 1 1 1 
1 1 0 0 
1 1 1 
1 0 
1 
1 1 0 0 1 
1 1 0 0 
1 1 1 
1 0 
1 
1 1 0 0 1 
0 0 1 0 
1 1 1 
1 0 
1 
0 0 1 0 1 
0 0 1 0 
1 1 1 
1 0 
1 
0 0 1 0 1 
1 0 1 0 
0 1 1 
0 0 
1 
0 0 1 0 1 
1 0 1 0 
1 0 0 
0 0 
1 
0 0 0 0 1 
1 0 0 0 
1 0 1 
0 0 
1 
1 0 0 0 1 
0 0 0 0 
0 0 1 
0 0 
1 
Failed
Success = 0; Fail = 46
1 1 1 1 1 
1 0 1 1 
1 1 1 
1 1 
1 
1 1 1 1 1 
1 1 0 0 
1 1 1 
1 1 
1 
1 1 1 1 1 
1 1 0 1 
1 1 0 
1 0 
1 
1 1 1 1 1 
1 1 0 1 
0 0 1 
1 0 
1 
1 1 1 1 1 
1 1 0 1 
1 0 1 
0 0 
0 
1 1 1 1 1 
0 0 1 1 
1 0 1 
0 0 
0 
1 1 1 1 1 
0 0 1 0 
1 0 0 
0 1 
0 
1 1 1 0 1 
0 0 0 0 
1 1 0 
0 1 
0 
1 1 1 0 1 
0 0 0 0 
0 0 1 
0 1 
0 
1 1 1 0 1 
0 0 0 0 
0 0 0 
0 0 
1 
1 0 0 1 1 
0 0 0 0 
0 0 0 
0 0 
1 
1 0 1 0 0 
0 0 0 0 
0 0 0 
0 0 
1 
Failed
Success = 0; Fail = 47
1 1 1 1 1 
1 0 1 1 
1 1 1 
1 1 
1 
1 1 1 1 1 
1 1 0 0 
1 1 1 
1 1 
1 
1 1 1 1 1 
1 1 1 0 
1 0 1 
0 1 
1 
1 1 1 1 1 
0 1 1 0 
0 0 1 
1 1 
1 
1 1 1 1 1 
0 1 1 1 
0 0 0 
1 0 
1 
1 1 0 1 1 
0 1 0 1 
0 0 1 
1 0 
1 
1 0 0 1 1 
0 0 0 1 
0 1 1 
1 0 
1 
1 0 0 1 1 
0 0 0 1 
1 1 1 
0 0 
0 
1 0 1 0 0 
0 0 0 1 
1 1 1 
0 0 
0 
1 0 1 0 0 
0 0 0 0 
1 1 0 
0 1 
0 
1 0 1 0 0 
0 0 0 0 
0 0 1 
0 1 
0 
1 0 1 0 0 
0 0 0 0 
0 0 0 
0 0 
1 
Failed
Success = 0; Fail = 48
1 1 1 1 1 
1 0 1 1 
1 1 1 
1 1 
1 
1 1 1 1 1 
1 1 1 1 
1 0 1 
1 0 
1 
1 1 1 1 1 
1 1 1 0 
1 0 0 
1 1 
1 
1 1 1 1 1 
1 0 0 1 
1 0 0 
1 1 
1 
1 1 1 1 1 
1 0 0 1 
1 0 1 
1 0 
0 
1 1 1 1 1 
1 0 0 0 
1 0 0 
1 1 
0 
1 1 1 1 1 
1 0 0 0 
0 0 0 
0 1 
1 
1 1 1 1 1 
1 0 0 0 
0 0 1 
0 0 
0 
0 1 1 1 1 
0 0 0 0 
1 0 1 
0 0 
0 
1 0 0 1 1 
0 0 0 0 
1 0 1 
0 0 
0 
1 0 1 0 0 
0 0 0 0 
1 0 1 
0 0 
0 
Failed
Success = 0; Fail = 49
1 1 1 1 1 
1 0 1 1 
1 1 1 
1 1 
1 
1 1 1 1 1 
1 1 0 0 
1 1 1 
1 1 
1 
1 1 1 1 1 
1 1 1 0 
1 0 1 
0 1 
1 
1 1 1 1 1 
1 0 0 1 
1 0 1 
0 1 
1 
1 1 1 1 1 
0 0 0 1 
0 0 1 
1 1 
1 
1 1 1 1 1 
0 0 0 1 
1 0 1 
0 1 
0 
1 1 1 1 1 
0 0 0 1 
1 0 0 
0 0 
1 
1 1 1 1 0 
0 0 0 0 
1 0 1 
0 0 
1 
1 1 0 0 1 
0 0 0 0 
1 0 1 
0 0 
1 
0 0 1 0 1 
0 0 0 0 
1 0 1 
0 0 
1 
Failed
Success = 0; Fail = 50
1 1 1 1 1 
1 0 1 1 
1 1 1 
1 1 
1 
1 1 1 1 1 
1 1 1 1 
1 0 1 
1 0 
1 
1 1 1 0 1 
1 1 0 1 
1 1 1 
1 0 
1 
1 1 1 0 1 
1 1 1 1 
1 0 1 
0 0 
1 
1 0 1 0 1 
1 0 1 1 
1 1 1 
0 0 
1 
1 0 1 0 1 
1 1 0 0 
1 1 1 
0 0 
1 
1 1 1 0 1 
1 0 0 0 
1 0 1 
0 0 
1 
1 1 1 0 1 
0 0 0 0 
0 0 1 
1 0 
1 
1 1 1 0 1 
0 0 0 0 
1 0 1 
0 0 
0 
1 0 0 1 1 
0 0 0 0 
1 0 1 
0 0 
0 
1 0 1 0 0 
0 0 0 0 
1 0 1 
0 0 
0 
Failed
Success = 0; Fail = 51
1 1 1 1 1 
1 0 1 1 
1 1 1 
1 1 
1 
1 1 1 1 1 
1 1 1 1 
1 0 1 
1 0 
1 
1 0 1 1 1 
1 0 1 1 
1 1 1 
1 0 
1 
1 0 1 1 1 
1 0 1 0 
1 1 0 
1 1 
1 
1 0 1 1 1 
1 1 1 0 
1 0 0 
1 0 
1 
1 0 1 1 1 
1 0 0 1 
1 0 0 
1 0 
1 
1 0 1 1 0 
1 0 0 0 
1 0 1 
1 0 
1 
1 1 0 0 0 
1 0 0 0 
1 0 1 
1 0 
1 
0 0 1 0 0 
1 0 0 0 
1 0 1 
1 0 
1 
1 0 1 0 0 
0 0 0 0 
0 0 1 
1 0 
1 
1 0 1 0 0 
0 0 0 0 
1 0 1 
0 0 
0 
Failed
Success = 0; Fail = 52
1 1 1 1 1 
1 0 1 1 
1 1 1 
1 1 
1 
1 1 1 1 1 
1 1 1 1 
1 0 1 
1 0 
1 
1 1 1 0 1 
1 1 0 1 
1 1 1 
1 0 
1 
1 1 1 0 1 
1 0 0 1 
1 0 1 
1 1 
1 
1 0 0 1 1 
1 0 0 1 
1 0 1 
1 1 
1 
1 0 1 0 0 
1 0 0 1 
1 0 1 
1 1 
1 
1 0 1 0 1 
1 0 0 0 
1 0 0 
1 1 
1 
1 0 1 0 1 
1 0 0 0 
1 0 1 
1 0 
0 
1 0 1 0 1 
1 0 0 0 
0 0 1 
0 0 
1 
0 0 1 0 1 
0 0 0 0 
1 0 1 
0 0 
1 
Failed
Success = 0; Fail = 53
1 1 1 1 1 
1 0 1 1 
1 1 1 
1 1 
1 
1 1 1 1 1 
1 1 0 0 
1 1 1 
1 1 
1 
1 1 1 1 1 
1 1 0 1 
1 1 0 
1 0 
1 
1 1 1 1 1 
1 0 0 1 
1 0 0 
1 1 
1 
1 1 1 1 0 
1 0 0 0 
1 0 1 
1 1 
1 
1 1 1 1 0 
1 0 0 1 
1 0 0 
1 0 
1 
1 1 0 0 1 
1 0 0 1 
1 0 0 
1 0 
1 
1 1 0 0 0 
1 0 0 0 
1 0 1 
1 0 
1 
0 0 1 0 0 
1 0 0 0 
1 0 1 
1 0 
1 
1 0 1 0 0 
0 0 0 0 
0 0 1 
1 0 
1 
1 0 1 0 0 
0 0 0 0 
1 0 1 
0 0 
0 
Failed
Success = 0; Fail = 54
1 1 1 1 1 
1 0 1 1 
1 1 1 
1 1 
1 
1 1 1 1 1 
1 1 0 0 
1 1 1 
1 1 
1 
1 1 1 1 1 
1 1 1 0 
1 0 1 
0 1 
1 
1 1 1 0 1 
1 1 0 0 
1 1 1 
0 1 
1 
1 1 1 0 1 
0 0 1 0 
1 1 1 
0 1 
1 
1 0 0 1 1 
0 0 1 0 
1 1 1 
0 1 
1 
1 0 0 1 1 
0 0 0 0 
1 0 1 
1 1 
1 
1 0 0 1 1 
0 0 0 1 
1 0 0 
1 0 
1 
1 0 0 1 0 
0 0 0 0 
1 0 1 
1 0 
1 
1 0 0 1 0 
1 0 0 0 
0 0 1 
0 0 
1 
0 0 0 1 0 
0 0 0 0 
1 0 1 
0 0 
1 
Failed
Success = 0; Fail = 55
1 1 1 1 1 
1 0 1 1 
1 1 1 
1 1 
1 
1 1 1 1 1 
1 1 0 0 
1 1 1 
1 1 
1 
1 1 1 1 1 
1 1 1 0 
1 0 1 
0 1 
1 
1 0 1 1 1 
1 0 1 0 
1 1 1 
0 1 
1 
1 0 1 1 1 
1 0 0 0 
1 0 1 
1 1 
1 
1 0 1 1 1 
1 0 0 1 
1 0 0 
1 0 
1 
1 1 0 0 1 
1 0 0 1 
1 0 0 
1 0 
1 
1 1 0 0 0 
1 0 0 0 
1 0 1 
1 0 
1 
0 0 1 0 0 
1 0 0 0 
1 0 1 
1 0 
1 
1 0 1 0 0 
0 0 0 0 
0 0 1 
1 0 
1 
1 0 1 0 0 
0 0 0 0 
1 0 1 
0 0 
0 
Failed
Success = 0; Fail = 56
1 1 1 1 1 
1 0 1 1 
1 1 1 
1 1 
1 
1 1 1 1 1 
1 1 0 0 
1 1 1 
1 1 
1 
1 1 1 1 1 
0 0 1 0 
1 1 1 
1 1 
1 
1 1 1 1 1 
1 0 1 0 
0 1 1 
0 1 
1 
0 1 1 1 1 
0 0 1 0 
1 1 1 
0 1 
1 
0 1 1 1 1 
0 0 1 1 
1 1 0 
0 0 
1 
0 1 0 1 1 
0 0 0 1 
1 1 1 
0 0 
1 
0 1 0 1 1 
0 0 0 0 
1 1 0 
0 1 
1 
0 1 0 1 1 
0 1 0 0 
1 0 0 
0 0 
1 
0 0 0 1 1 
0 0 0 0 
1 1 0 
0 0 
1 
0 0 1 0 0 
0 0 0 0 
1 1 0 
0 0 
1 
0 0 1 0 0 
0 0 0 0 
0 0 1 
0 0 
1 
Failed
Success = 0; Fail = 57
1 1 1 1 1 
1 0 1 1 
1 1 1 
1 1 
1 
1 1 1 1 1 
1 1 0 0 
1 1 1 
1 1 
1 
1 1 1 1 1 
1 1 0 1 
1 1 0 
1 0 
1 
1 1 1 1 0 
1 1 0 0 
1 1 1 
1 0 
1 
1 1 1 1 0 
1 0 0 0 
1 0 1 
1 1 
1 
1 1 1 1 0 
1 0 0 1 
1 0 0 
1 0 
1 
1 1 0 0 1 
1 0 0 1 
1 0 0 
1 0 
1 
1 1 0 0 0 
1 0 0 0 
1 0 1 
1 0 
1 
0 0 1 0 0 
1 0 0 0 
1 0 1 
1 0 
1 
1 0 1 0 0 
0 0 0 0 
0 0 1 
1 0 
1 
1 0 1 0 0 
0 0 0 0 
1 0 1 
0 0 
0 
Failed
Success = 0; Fail = 58
1 1 1 1 1 
1 0 1 1 
1 1 1 
1 1 
1 
1 1 1 1 1 
1 1 1 1 
1 0 1 
1 0 
1 
1 0 1 1 1 
1 0 1 1 
1 1 1 
1 0 
1 
1 1 0 0 1 
1 0 1 1 
1 1 1 
1 0 
1 
1 1 1 0 1 
1 0 0 1 
1 1 0 
1 0 
1 
1 0 0 1 1 
1 0 0 1 
1 1 0 
1 0 
1 
1 0 0 1 1 
1 0 0 1 
0 0 1 
1 0 
1 
1 0 0 1 1 
1 0 0 0 
0 0 0 
1 1 
1 
1 0 0 1 1 
1 0 0 0 
1 0 0 
0 1 
0 
1 0 0 1 1 
0 0 0 0 
0 0 0 
1 1 
0 
1 0 1 0 0 
0 0 0 0 
0 0 0 
1 1 
0 
Failed
Success = 0; Fail = 59
1 1 1 1 1 
1 0 1 1 
1 1 1 
1 1 
1 
1 1 1 1 1 
1 1 1 1 
1 0 1 
1 0 
1 
1 0 1 1 1 
1 0 1 1 
1 1 1 
1 0 
1 
1 1 0 0 1 
1 0 1 1 
1 1 1 
1 0 
1 
1 1 1 0 1 
1 0 0 1 
1 1 0 
1 0 
1 
1 1 1 0 1 
1 0 1 1 
1 0 0 
0 0 
1 
1 1 1 0 1 
1 1 0 0 
1 0 0 
0 0 
1 
1 1 1 0 1 
0 0 1 0 
1 0 0 
0 0 
1 
1 1 0 0 1 
0 0 0 0 
1 0 1 
0 0 
1 
0 0 1 0 1 
0 0 0 0 
1 0 1 
0 0 
1 
Failed
Success = 0; Fail = 60
1 1 1 1 1 
1 0 1 1 
1 1 1 
1 1 
1 
1 1 1 1 1 
1 1 1 1 
1 0 1 
1 0 
1 
1 1 1 0 1 
1 1 0 1 
1 1 1 
1 0 
1 
1 1 1 0 1 
1 0 0 1 
1 0 1 
1 1 
1 
1 0 0 1 1 
1 0 0 1 
1 0 1 
1 1 
1 
1 0 1 0 0 
1 0 0 1 
1 0 1 
1 1 
1 
1 0 1 0 1 
1 0 0 0 
1 0 0 
1 1 
1 
1 0 1 0 1 
1 0 0 0 
1 0 1 
1 0 
0 
1 0 1 0 1 
1 0 0 0 
0 0 1 
0 0 
1 
0 0 1 0 1 
0 0 0 0 
1 0 1 
0 0 
1 
Failed
Success = 0; Fail = 61
1 1 1 1 1 
1 0 1 1 
1 1 1 
1 1 
1 
1 1 1 1 1 
1 1 0 0 
1 1 1 
1 1 
1 
1 1 1 1 1 
1 1 1 0 
1 0 1 
0 1 
1 
1 1 1 0 1 
1 1 0 0 
1 1 1 
0 1 
1 
1 1 1 0 1 
0 1 0 0 
0 1 1 
1 1 
1 
1 0 0 1 1 
0 1 0 0 
0 1 1 
1 1 
1 
1 0 0 1 1 
0 1 0 0 
1 1 1 
0 1 
0 
1 1 0 1 1 
0 0 0 0 
1 0 1 
0 1 
0 
1 1 1 0 0 
0 0 0 0 
1 0 1 
0 1 
0 
1 0 0 1 0 
0 0 0 0 
1 0 1 
0 1 
0 
1 0 0 1 0 
0 0 0 0 
1 0 0 
0 0 
1 
Failed
Success = 0; Fail = 62
1 1 1 1 1 
1 0 1 1 
1 1 1 
1 1 
1 
1 1 1 1 1 
1 1 1 1 
1 0 1 
1 0 
1 
1 1 1 1 1 
1 1 1 0 
1 0 0 
1 1 
1 
1 1 1 0 1 
1 1 0 0 
1 1 0 
1 1 
1 
1 1 1 0 1 
1 1 0 0 
0 0 1 
1 1 
1 
1 0 0 1 1 
1 1 0 0 
0 0 1 
1 1 
1 
1 0 1 0 0 
1 1 0 0 
0 0 1 
1 1 
1 
1 0 1 0 0 
1 1 0 0 
1 0 1 
0 1 
0 
1 0 1 0 0 
1 1 0 1 
1 0 0 
0 0 
0 
1 0 1 0 0 
0 0 1 1 
1 0 0 
0 0 
0 
1 0 0 0 0 
0 0 0 1 
1 0 1 
0 0 
0 
1 0 0 0 0 
0 0 0 0 
1 0 0 
0 1 
0 
Failed
Success = 0; Fail = 63
1 1 1 1 1 
1 0 1 1 
1 1 1 
1 1 
1 
1 1 1 1 1 
1 1 0 0 
1 1 1 
1 1 
1 
1 1 1 1 1 
0 0 1 0 
1 1 1 
1 1 
1 
1 1 1 1 1 
0 0 1 1 
1 1 0 
1 0 
1 
1 1 1 1 0 
0 0 1 0 
1 1 1 
1 0 
1 
1 1 0 0 1 
0 0 1 0 
1 1 1 
1 0 
1 
0 0 1 0 1 
0 0 1 0 
1 1 1 
1 0 
1 
0 0 1 0 1 
1 0 1 0 
0 1 1 
0 0 
1 
0 0 1 1 1 
1 0 0 0 
0 0 1 
0 0 
1 
0 1 0 0 1 
1 0 0 0 
0 0 1 
0 0 
1 
Failed
Success = 0; Fail = 64
1 1 1 1 1 
1 0 1 1 
1 1 1 
1 1 
1 
1 1 1 1 1 
1 1 1 1 
1 0 1 
1 0 
1 
1 0 1 1 1 
1 0 1 1 
1 1 1 
1 0 
1 
1 1 0 0 1 
1 0 1 1 
1 1 1 
1 0 
1 
1 1 0 1 1 
1 0 0 1 
1 0 1 
1 0 
1 
1 1 0 1 1 
1 0 0 0 
1 0 0 
1 1 
1 
1 1 1 0 0 
1 0 0 0 
1 0 0 
1 1 
1 
1 1 1 0 0 
1 0 0 0 
1 0 1 
1 0 
0 
1 0 0 1 0 
1 0 0 0 
1 0 1 
1 0 
0 
1 0 0 1 0 
1 0 0 0 
0 0 1 
0 0 
1 
0 0 0 1 0 
0 0 0 0 
1 0 1 
0 0 
1 
Failed
Success = 0; Fail = 65
1 1 1 1 1 
1 0 1 1 
1 1 1 
1 1 
1 
1 1 1 1 1 
1 1 1 1 
1 0 1 
1 0 
1 
1 0 1 1 1 
1 0 1 1 
1 1 1 
1 0 
1 
1 1 0 0 1 
1 0 1 1 
1 1 1 
1 0 
1 
1 1 0 0 1 
1 1 0 0 
1 1 1 
1 0 
1 
1 1 0 0 1 
0 0 1 0 
1 1 1 
1 0 
1 
1 1 0 0 1 
1 0 1 0 
0 1 1 
0 0 
1 
1 1 0 0 1 
1 0 1 0 
1 0 0 
0 0 
1 
1 1 0 0 1 
0 0 1 0 
0 0 0 
1 0 
1 
0 0 1 0 1 
0 0 1 0 
0 0 0 
1 0 
1 
0 0 0 0 1 
0 0 0 0 
0 0 1 
1 0 
1 
0 0 0 0 1 
0 0 0 0 
1 0 1 
0 0 
0 
Failed
Success = 0; Fail = 66
1 1 1 1 1 
1 0 1 1 
1 1 1 
1 1 
1 
1 1 1 1 1 
1 1 0 0 
1 1 1 
1 1 
1 
1 1 1 1 1 
1 1 1 0 
1 0 1 
0 1 
1 
1 1 1 1 1 
0 1 1 0 
0 0 1 
1 1 
1 
1 1 1 1 1 
0 0 0 1 
0 0 1 
1 1 
1 
1 1 1 1 1 
0 0 0 1 
1 0 1 
0 1 
0 
1 1 1 1 1 
0 0 0 1 
1 0 0 
0 0 
1 
1 1 1 1 0 
0 0 0 0 
1 0 1 
0 0 
1 
1 1 0 0 1 
0 0 0 0 
1 0 1 
0 0 
1 
0 0 1 0 1 
0 0 0 0 
1 0 1 
0 0 
1 
Failed
Success = 0; Fail = 67
1 1 1 1 1 
1 0 1 1 
1 1 1 
1 1 
1 
1 1 1 1 1 
1 1 1 1 
1 0 1 
1 0 
1 
1 1 1 1 1 
1 1 1 0 
1 0 0 
1 1 
1 
1 1 1 0 1 
1 1 0 0 
1 1 0 
1 1 
1 
1 1 1 0 1 
0 0 1 0 
1 1 0 
1 1 
1 
1 1 0 0 1 
0 0 0 0 
1 1 1 
1 1 
1 
1 1 0 0 1 
0 0 0 1 
1 1 0 
1 0 
1 
1 1 0 0 1 
0 0 0 1 
0 0 1 
1 0 
1 
1 1 0 0 1 
0 0 0 1 
1 0 1 
0 0 
0 
0 0 1 0 1 
0 0 0 1 
1 0 1 
0 0 
0 
0 0 1 0 1 
0 0 0 0 
1 0 0 
0 1 
0 
Failed
Success = 0; Fail = 68
1 1 1 1 1 
1 0 1 1 
1 1 1 
1 1 
1 
1 1 1 1 1 
1 1 0 0 
1 1 1 
1 1 
1 
1 1 1 1 1 
1 1 1 0 
1 0 1 
0 1 
1 
1 1 1 0 1 
1 1 0 0 
1 1 1 
0 1 
1 
1 1 1 0 1 
1 1 0 1 
1 1 0 
0 0 
1 
1 0 0 1 1 
1 1 0 1 
1 1 0 
0 0 
1 
1 0 1 0 0 
1 1 0 1 
1 1 0 
0 0 
1 
1 0 1 0 0 
1 0 0 1 
1 0 0 
0 1 
1 
1 0 1 0 0 
0 0 0 1 
0 0 0 
1 1 
1 
1 0 1 0 0 
0 0 0 1 
1 0 0 
0 1 
0 
Failed
Success = 0; Fail = 69
1 1 1 1 1 
1 0 1 1 
1 1 1 
1 1 
1 
1 1 1 1 1 
1 1 1 1 
1 0 1 
1 0 
1 
1 1 1 0 1 
1 1 0 1 
1 1 1 
1 0 
1 
1 1 1 0 1 
1 1 1 1 
1 0 1 
0 0 
1 
1 0 0 1 1 
1 1 1 1 
1 0 1 
0 0 
1 
1 0 1 1 1 
1 0 1 1 
0 0 1 
0 0 
1 
1 0 1 1 1 
1 1 0 0 
0 0 1 
0 0 
1 
1 0 0 1 1 
1 0 0 0 
1 0 1 
0 0 
1 
1 0 1 0 0 
1 0 0 0 
1 0 1 
0 0 
1 
1 0 1 0 0 
0 0 0 0 
0 0 1 
1 0 
1 
1 0 1 0 0 
0 0 0 0 
1 0 1 
0 0 
0 
Failed
Success = 0; Fail = 70
1 1 1 1 1 
1 0 1 1 
1 1 1 
1 1 
1 
1 1 1 1 1 
1 1 1 1 
1 0 1 
1 0 
1 
1 1 1 1 1 
1 1 1 0 
1 0 0 
1 1 
1 
1 1 1 1 1 
1 1 1 0 
1 0 1 
1 0 
0 
1 1 1 1 1 
1 1 1 0 
0 0 1 
0 0 
1 
0 1 1 1 1 
0 1 1 0 
1 0 1 
0 0 
1 
0 1 1 0 1 
0 1 0 0 
1 1 1 
0 0 
1 
1 0 0 0 1 
0 1 0 0 
1 1 1 
0 0 
1 
1 0 0 0 1 
0 0 0 0 
1 0 1 
0 1 
1 
1 0 0 0 1 
0 0 0 1 
1 0 0 
0 0 
1 
1 0 0 0 0 
0 0 0 0 
1 0 1 
0 0 
1 
Failed
Success = 0; Fail = 71
1 1 1 1 1 
1 0 1 1 
1 1 1 
1 1 
1 
1 1 1 1 1 
1 1 1 1 
1 0 1 
1 0 
1 
1 1 1 1 1 
1 1 1 0 
1 0 0 
1 1 
1 
1 1 1 1 1 
1 0 0 1 
1 0 0 
1 1 
1 
1 1 1 1 0 
1 0 0 0 
1 0 1 
1 1 
1 
1 1 1 1 0 
1 0 0 1 
1 0 0 
1 0 
1 
1 1 0 0 1 
1 0 0 1 
1 0 0 
1 0 
1 
0 0 1 0 1 
1 0 0 1 
1 0 0 
1 0 
1 
0 0 1 0 0 
1 0 0 0 
1 0 1 
1 0 
1 
1 0 1 0 0 
0 0 0 0 
0 0 1 
1 0 
1 
1 0 1 0 0 
0 0 0 0 
1 0 1 
0 0 
0 
Failed
Success = 0; Fail = 72
1 1 1 1 1 
1 0 1 1 
1 1 1 
1 1 
1 
1 1 1 1 1 
1 1 1 1 
1 0 1 
1 0 
1 
1 1 1 0 1 
1 1 0 1 
1 1 1 
1 0 
1 
1 1 1 0 1 
1 1 0 0 
1 1 0 
1 1 
1 
1 1 1 0 1 
1 1 1 0 
1 0 0 
0 1 
1 
1 0 1 0 1 
1 0 1 0 
1 1 0 
0 1 
1 
1 0 1 0 1 
1 0 1 0 
0 0 1 
0 1 
1 
1 0 1 0 1 
1 0 1 1 
0 0 0 
0 0 
1 
1 0 0 0 1 
1 0 0 1 
0 0 1 
0 0 
1 
0 0 0 0 1 
0 0 0 1 
1 0 1 
0 0 
1 
0 0 0 0 1 
0 0 0 0 
1 0 0 
0 1 
1 
0 0 0 0 1 
0 0 0 0 
1 0 1 
0 0 
0 
Failed
Success = 0; Fail = 73
1 1 1 1 1 
1 0 1 1 
1 1 1 
1 1 
1 
1 1 1 1 1 
1 1 0 0 
1 1 1 
1 1 
1 
1 1 1 1 1 
1 1 1 0 
1 0 1 
0 1 
1 
1 1 1 1 1 
0 1 1 0 
0 0 1 
1 1 
1 
1 1 1 1 1 
0 1 1 1 
0 0 0 
1 0 
1 
1 0 1 1 1 
0 0 1 1 
0 1 0 
1 0 
1 
1 0 1 1 1 
0 0 1 1 
1 1 0 
0 0 
0 
1 1 0 0 1 
0 0 1 1 
1 1 0 
0 0 
0 
0 0 1 0 1 
0 0 1 1 
1 1 0 
0 0 
0 
0 0 1 1 1 
0 0 0 1 
1 0 0 
0 0 
0 
0 1 0 0 1 
0 0 0 1 
1 0 0 
0 0 
0 
0 1 0 0 0 
0 0 0 0 
1 0 1 
0 0 
0 
Failed
Success = 0; Fail = 74
1 1 1 1 1 
1 0 1 1 
1 1 1 
1 1 
1 
1 1 1 1 1 
1 1 0 0 
1 1 1 
1 1 
1 
1 1 1 1 1 
0 0 1 0 
1 1 1 
1 1 
1 
1 1 1 1 1 
0 0 1 1 
1 1 0 
1 0 
1 
1 1 1 1 1 
0 1 0 0 
1 1 0 
1 0 
1 
1 1 1 1 1 
0 1 1 0 
1 0 0 
0 0 
1 
1 1 1 1 1 
0 0 0 1 
1 0 0 
0 0 
1 
1 1 1 1 0 
0 0 0 0 
1 0 1 
0 0 
1 
1 1 0 0 1 
0 0 0 0 
1 0 1 
0 0 
1 
0 0 1 0 1 
0 0 0 0 
1 0 1 
0 0 
1 
Failed
Success = 0; Fail = 75
1 1 1 1 1 
1 0 1 1 
1 1 1 
1 1 
1 
1 1 1 1 1 
1 1 1 1 
1 0 1 
1 0 
1 
1 1 1 1 1 
1 1 1 0 
1 0 0 
1 1 
1 
1 0 1 1 1 
1 0 1 0 
1 1 0 
1 1 
1 
1 0 0 1 1 
1 0 0 0 
1 1 1 
1 1 
1 
1 0 0 1 1 
1 0 1 0 
1 0 1 
0 1 
1 
1 0 0 1 1 
1 0 1 1 
1 0 0 
0 0 
1 
1 0 0 1 0 
1 0 1 0 
1 0 1 
0 0 
1 
1 0 1 1 0 
1 0 0 0 
1 0 0 
0 0 
1 
1 0 0 0 1 
1 0 0 0 
1 0 0 
0 0 
1 
1 0 0 0 1 
0 0 0 0 
0 0 0 
1 0 
1 
1 0 0 0 1 
0 0 0 0 
1 0 0 
0 0 
0 
Failed
Success = 0; Fail = 76
1 1 1 1 1 
1 0 1 1 
1 1 1 
1 1 
1 
1 1 1 1 1 
1 1 0 0 
1 1 1 
1 1 
1 
1 1 1 1 1 
0 0 1 0 
1 1 1 
1 1 
1 
1 1 1 1 1 
1 0 1 0 
0 1 1 
0 1 
1 
1 1 1 1 1 
1 1 1 0 
0 0 1 
0 0 
1 
0 1 1 1 1 
0 1 1 0 
1 0 1 
0 0 
1 
0 1 1 1 1 
0 0 0 1 
1 0 1 
0 0 
1 
1 0 0 1 1 
0 0 0 1 
1 0 1 
0 0 
1 
1 0 0 1 1 
0 0 0 0 
1 0 0 
0 1 
1 
1 0 1 0 0 
0 0 0 0 
1 0 0 
0 1 
1 
1 0 1 0 0 
0 0 0 0 
1 0 1 
0 0 
0 
Failed
Success = 0; Fail = 77
1 1 1 1 1 
1 0 1 1 
1 1 1 
1 1 
1 
1 1 1 1 1 
1 1 1 1 
1 0 1 
1 0 
1 
1 1 1 0 1 
1 1 0 1 
1 1 1 
1 0 
1 
1 1 1 0 1 
1 1 1 1 
1 0 1 
0 0 
1 
1 0 1 0 1 
1 0 1 1 
1 1 1 
0 0 
1 
1 0 1 1 1 
1 0 0 1 
1 0 1 
0 0 
1 
1 0 1 1 1 
0 0 0 1 
0 0 1 
1 0 
1 
1 0 1 1 1 
0 0 0 0 
0 0 0 
1 1 
1 
1 1 0 0 1 
0 0 0 0 
0 0 0 
1 1 
1 
0 0 1 0 1 
0 0 0 0 
0 0 0 
1 1 
1 
0 0 1 0 1 
0 0 0 0 
1 0 0 
0 1 
0 
Failed
Success = 0; Fail = 78
1 1 1 1 1 
1 0 1 1 
1 1 1 
1 1 
1 
1 1 1 1 1 
1 1 0 0 
1 1 1 
1 1 
1 
1 1 1 1 1 
0 0 1 0 
1 1 1 
1 1 
1 
1 1 1 1 1 
0 1 1 0 
1 0 1 
1 0 
1 
1 0 1 1 1 
0 0 1 0 
1 1 1 
1 0 
1 
1 0 1 1 1 
1 0 1 0 
0 1 1 
0 0 
1 
0 0 1 1 1 
0 0 1 0 
1 1 1 
0 0 
1 
0 1 0 0 1 
0 0 1 0 
1 1 1 
0 0 
1 
0 1 0 0 1 
0 0 0 0 
1 0 1 
1 0 
1 
0 1 0 0 1 
1 0 0 0 
0 0 1 
0 0 
1 
Failed
Success = 0; Fail = 79
1 1 1 1 1 
1 0 1 1 
1 1 1 
1 1 
1 
1 1 1 1 1 
1 1 1 1 
1 0 1 
1 0 
1 
1 1 1 0 1 
1 1 0 1 
1 1 1 
1 0 
1 
1 1 1 0 1 
1 1 1 1 
1 0 1 
0 0 
1 
1 1 1 0 1 
0 1 1 1 
0 0 1 
1 0 
1 
1 0 0 1 1 
0 1 1 1 
0 0 1 
1 0 
1 
1 0 0 1 1 
0 1 1 0 
0 0 0 
1 1 
1 
1 0 1 0 0 
0 1 1 0 
0 0 0 
1 1 
1 
1 0 1 0 0 
0 1 1 0 
1 0 0 
0 1 
0 
1 0 0 0 0 
0 1 0 0 
1 0 1 
0 1 
0 
1 0 0 0 0 
0 1 0 0 
1 0 0 
0 0 
1 
1 0 1 0 0 
0 0 0 0 
0 0 0 
0 0 
1 
Failed
Success = 0; Fail = 80
1 1 1 1 1 
1 0 1 1 
1 1 1 
1 1 
1 
1 1 1 1 1 
1 1 0 0 
1 1 1 
1 1 
1 
1 1 1 1 1 
1 1 0 1 
1 1 0 
1 0 
1 
1 1 1 1 1 
1 1 0 1 
0 0 1 
1 0 
1 
1 1 1 1 1 
0 0 1 1 
0 0 1 
1 0 
1 
1 1 1 1 1 
0 0 1 1 
1 0 1 
0 0 
0 
1 1 1 0 1 
0 0 0 1 
1 1 1 
0 0 
0 
1 0 0 1 1 
0 0 0 1 
1 1 1 
0 0 
0 
1 0 0 1 1 
0 0 0 0 
1 1 0 
0 1 
0 
1 0 1 0 0 
0 0 0 0 
1 1 0 
0 1 
0 
1 0 1 0 0 
0 1 0 0 
1 0 0 
0 0 
0 
Failed
Success = 0; Fail = 81
1 1 1 1 1 
1 0 1 1 
1 1 1 
1 1 
1 
1 1 1 1 1 
1 1 0 0 
1 1 1 
1 1 
1 
1 1 1 1 1 
0 0 1 0 
1 1 1 
1 1 
1 
1 1 1 1 1 
1 0 1 0 
0 1 1 
0 1 
1 
1 1 1 1 1 
1 0 0 0 
0 0 1 
1 1 
1 
1 1 1 1 1 
1 0 0 1 
0 0 0 
1 0 
1 
1 1 1 1 0 
1 0 0 0 
0 0 1 
1 0 
1 
1 1 1 1 0 
1 0 0 0 
1 0 1 
0 0 
0 
1 1 1 1 0 
0 0 0 0 
0 0 1 
1 0 
0 
1 1 0 0 1 
0 0 0 0 
0 0 1 
1 0 
0 
0 0 1 0 1 
0 0 0 0 
0 0 1 
1 0 
0 
Failed
Success = 0; Fail = 82
1 1 1 1 1 
1 0 1 1 
1 1 1 
1 1 
1 
1 1 1 1 1 
1 1 0 0 
1 1 1 
1 1 
1 
1 1 1 1 1 
1 1 1 0 
1 0 1 
0 1 
1 
1 1 1 1 1 
1 1 1 1 
1 0 0 
0 0 
1 
1 0 1 1 1 
1 0 1 1 
1 1 0 
0 0 
1 
1 0 1 1 1 
1 0 1 1 
0 0 1 
0 0 
1 
1 0 1 1 1 
1 1 0 0 
0 0 1 
0 0 
1 
1 1 0 0 1 
1 1 0 0 
0 0 1 
0 0 
1 
1 0 0 0 1 
1 0 0 0 
0 1 1 
0 0 
1 
0 0 0 0 1 
0 0 0 0 
1 1 1 
0 0 
1 
Failed
Success = 0; Fail = 83
1 1 1 1 1 
1 0 1 1 
1 1 1 
1 1 
1 
1 1 1 1 1 
1 1 0 0 
1 1 1 
1 1 
1 
1 1 1 1 1 
1 1 0 1 
1 1 0 
1 0 
1 
1 1 1 1 1 
1 0 0 1 
1 0 0 
1 1 
1 
1 1 1 1 1 
1 0 0 1 
1 0 1 
1 0 
0 
1 1 1 1 1 
1 0 0 0 
1 0 0 
1 1 
0 
1 1 1 1 1 
1 0 0 0 
0 0 0 
0 1 
1 
1 1 1 1 1 
1 0 0 0 
0 0 1 
0 0 
0 
0 1 1 1 1 
0 0 0 0 
1 0 1 
0 0 
0 
1 0 0 1 1 
0 0 0 0 
1 0 1 
0 0 
0 
1 0 1 0 0 
0 0 0 0 
1 0 1 
0 0 
0 
Failed
Success = 0; Fail = 84
1 1 1 1 1 
1 0 1 1 
1 1 1 
1 1 
1 
1 1 1 1 1 
1 1 1 1 
1 0 1 
1 0 
1 
1 1 1 0 1 
1 1 0 1 
1 1 1 
1 0 
1 
1 1 1 0 1 
1 0 0 1 
1 0 1 
1 1 
1 
1 0 0 1 1 
1 0 0 1 
1 0 1 
1 1 
1 
1 0 1 0 0 
1 0 0 1 
1 0 1 
1 1 
1 
1 0 1 0 1 
1 0 0 0 
1 0 0 
1 1 
1 
1 0 1 0 1 
1 0 0 0 
1 0 1 
1 0 
0 
1 0 1 0 1 
1 0 0 0 
0 0 1 
0 0 
1 
0 0 1 0 1 
0 0 0 0 
1 0 1 
0 0 
1 
Failed
Success = 0; Fail = 85
1 1 1 1 1 
1 0 1 1 
1 1 1 
1 1 
1 
1 1 1 1 1 
1 1 1 1 
1 0 1 
1 0 
1 
1 0 1 1 1 
1 0 1 1 
1 1 1 
1 0 
1 
1 1 0 0 1 
1 0 1 1 
1 1 1 
1 0 
1 
1 1 0 0 1 
1 0 1 0 
1 1 0 
1 1 
1 
1 1 0 0 1 
1 0 1 0 
1 1 1 
1 0 
0 
1 1 0 0 1 
1 0 1 0 
0 1 1 
0 0 
1 
1 1 1 0 1 
1 0 0 0 
0 1 0 
0 0 
1 
0 1 1 0 1 
0 0 0 0 
1 1 0 
0 0 
1 
1 0 0 0 1 
0 0 0 0 
1 1 0 
0 0 
1 
1 0 0 0 1 
0 0 0 0 
0 0 1 
0 0 
1 
Failed
Success = 0; Fail = 86
1 1 1 1 1 
1 0 1 1 
1 1 1 
1 1 
1 
1 1 1 1 1 
1 1 0 0 
1 1 1 
1 1 
1 
1 1 1 1 1 
0 0 1 0 
1 1 1 
1 1 
1 
1 1 1 1 1 
0 0 1 1 
1 1 0 
1 0 
1 
1 1 0 1 1 
0 0 0 1 
1 1 1 
1 0 
1 
1 1 0 1 1 
1 0 0 1 
0 1 1 
0 0 
1 
0 1 0 1 1 
0 0 0 1 
1 1 1 
0 0 
1 
0 1 1 0 0 
0 0 0 1 
1 1 1 
0 0 
1 
1 0 0 0 0 
0 0 0 1 
1 1 1 
0 0 
1 
1 0 0 0 0 
0 0 0 0 
1 1 0 
0 1 
1 
1 0 0 0 0 
0 0 0 0 
0 0 1 
0 1 
1 
1 0 0 0 0 
0 0 0 1 
0 0 0 
0 0 
1 
Failed
Success = 0; Fail = 87
1 1 1 1 1 
1 0 1 1 
1 1 1 
1 1 
1 
1 1 1 1 1 
1 1 1 1 
1 0 1 
1 0 
1 
1 1 1 1 1 
1 1 1 0 
1 0 0 
1 1 
1 
1 1 1 0 1 
1 1 0 0 
1 1 0 
1 1 
1 
1 0 0 1 1 
1 1 0 0 
1 1 0 
1 1 
1 
1 1 0 1 1 
1 0 0 0 
1 0 0 
1 1 
1 
1 1 0 1 1 
1 0 0 0 
1 0 1 
1 0 
0 
1 1 0 1 1 
1 0 0 0 
0 0 1 
0 0 
1 
0 0 1 1 1 
1 0 0 0 
0 0 1 
0 0 
1 
0 1 0 0 1 
1 0 0 0 
0 0 1 
0 0 
1 
Failed
Success = 0; Fail = 88
1 1 1 1 1 
1 0 1 1 
1 1 1 
1 1 
1 
1 1 1 1 1 
1 1 1 1 
1 0 1 
1 0 
1 
1 1 1 1 1 
1 1 1 0 
1 0 0 
1 1 
1 
1 1 1 0 1 
1 1 0 0 
1 1 0 
1 1 
1 
1 1 1 0 1 
1 1 0 0 
0 0 1 
1 1 
1 
1 1 1 0 1 
1 1 0 1 
0 0 0 
1 0 
1 
1 1 1 0 1 
0 0 1 1 
0 0 0 
1 0 
1 
1 0 0 1 1 
0 0 1 1 
0 0 0 
1 0 
1 
1 0 0 1 1 
0 0 1 1 
1 0 0 
0 0 
0 
1 0 0 0 1 
0 0 0 1 
1 1 0 
0 0 
0 
1 0 0 0 1 
0 0 0 1 
0 0 1 
0 0 
0 
1 0 0 0 1 
0 0 0 0 
0 0 0 
0 1 
0 
Failed
Success = 0; Fail = 89
1 1 1 1 1 
1 0 1 1 
1 1 1 
1 1 
1 
1 1 1 1 1 
1 1 0 0 
1 1 1 
1 1 
1 
1 1 1 1 1 
0 0 1 0 
1 1 1 
1 1 
1 
1 1 1 1 1 
1 0 1 0 
0 1 1 
0 1 
1 
1 1 1 1 1 
1 0 1 1 
0 1 0 
0 0 
1 
1 1 0 1 1 
1 0 0 1 
0 1 1 
0 0 
1 
1 1 1 0 0 
1 0 0 1 
0 1 1 
0 0 
1 
0 1 1 0 0 
0 0 0 1 
1 1 1 
0 0 
1 
0 0 0 1 0 
0 0 0 1 
1 1 1 
0 0 
1 
0 0 0 1 0 
0 0 0 0 
1 1 0 
0 1 
1 
0 0 0 1 0 
0 0 0 0 
0 0 1 
0 1 
1 
0 0 0 1 0 
0 0 0 1 
0 0 0 
0 0 
1 
Failed
Success = 0; Fail = 90
1 1 1 1 1 
1 0 1 1 
1 1 1 
1 1 
1 
1 1 1 1 1 
1 1 1 1 
1 0 1 
1 0 
1 
1 1 1 1 1 
1 1 1 0 
1 0 0 
1 1 
1 
1 1 1 1 1 
1 1 1 0 
1 0 1 
1 0 
0 
1 1 1 1 1 
1 1 1 0 
0 0 1 
0 0 
1 
1 1 1 1 1 
1 0 0 1 
0 0 1 
0 0 
1 
1 1 1 1 1 
1 0 0 0 
0 0 0 
0 1 
1 
1 1 1 1 1 
1 0 0 0 
0 0 1 
0 0 
0 
0 1 1 1 1 
0 0 0 0 
1 0 1 
0 0 
0 
1 0 0 1 1 
0 0 0 0 
1 0 1 
0 0 
0 
1 0 1 0 0 
0 0 0 0 
1 0 1 
0 0 
0 
Failed
Success = 0; Fail = 91
1 1 1 1 1 
1 0 1 1 
1 1 1 
1 1 
1 
1 1 1 1 1 
1 1 1 1 
1 0 1 
1 0 
1 
1 0 1 1 1 
1 0 1 1 
1 1 1 
1 0 
1 
1 0 1 1 1 
1 0 1 0 
1 1 0 
1 1 
1 
1 0 1 1 1 
1 0 1 0 
0 0 1 
1 1 
1 
1 0 1 1 1 
1 0 1 0 
1 0 1 
0 1 
0 
1 0 1 1 1 
1 0 1 1 
1 0 0 
0 0 
0 
1 0 1 1 1 
0 0 1 1 
0 0 0 
1 0 
0 
1 0 1 0 1 
0 0 0 1 
0 1 0 
1 0 
0 
1 0 1 0 0 
0 0 0 0 
0 1 1 
1 0 
0 
1 0 1 0 0 
0 0 1 0 
0 0 1 
0 0 
0 
Failed
Success = 0; Fail = 92
1 1 1 1 1 
1 0 1 1 
1 1 1 
1 1 
1 
1 1 1 1 1 
1 1 1 1 
1 0 1 
1 0 
1 
1 1 1 1 1 
1 1 1 0 
1 0 0 
1 1 
1 
1 1 1 1 1 
1 0 0 1 
1 0 0 
1 1 
1 
1 1 1 1 0 
1 0 0 0 
1 0 1 
1 1 
1 
1 1 1 1 0 
1 0 0 1 
1 0 0 
1 0 
1 
1 1 0 0 1 
1 0 0 1 
1 0 0 
1 0 
1 
1 1 0 0 0 
1 0 0 0 
1 0 1 
1 0 
1 
0 0 1 0 0 
1 0 0 0 
1 0 1 
1 0 
1 
1 0 1 0 0 
0 0 0 0 
0 0 1 
1 0 
1 
1 0 1 0 0 
0 0 0 0 
1 0 1 
0 0 
0 
Failed
Success = 0; Fail = 93
1 1 1 1 1 
1 0 1 1 
1 1 1 
1 1 
1 
1 1 1 1 1 
1 1 0 0 
1 1 1 
1 1 
1 
1 1 1 1 1 
1 1 1 0 
1 0 1 
0 1 
1 
1 1 1 1 1 
1 1 1 1 
1 0 0 
0 0 
1 
1 1 0 1 1 
1 1 0 1 
1 0 1 
0 0 
1 
1 1 1 0 0 
1 1 0 1 
1 0 1 
0 0 
1 
1 1 1 0 0 
1 1 0 0 
1 0 0 
0 1 
1 
1 0 1 0 0 
1 0 0 0 
1 1 0 
0 1 
1 
1 0 1 0 0 
1 0 0 0 
1 1 1 
0 0 
0 
1 0 1 0 0 
0 0 0 0 
0 1 1 
1 0 
0 
1 0 1 0 0 
0 0 0 0 
1 0 0 
1 0 
0 
1 0 1 0 0 
1 0 0 0 
0 0 0 
0 0 
0 
0 0 1 0 0 
0 0 0 0 
1 0 0 
0 0 
0 
Failed
Success = 0; Fail = 94
1 1 1 1 1 
1 0 1 1 
1 1 1 
1 1 
1 
1 1 1 1 1 
1 1 0 0 
1 1 1 
1 1 
1 
1 1 1 1 1 
1 1 0 1 
1 1 0 
1 0 
1 
1 1 1 1 1 
1 1 0 1 
0 0 1 
1 0 
1 
1 1 1 1 1 
0 0 1 1 
0 0 1 
1 0 
1 
1 1 1 1 1 
0 0 1 0 
0 0 0 
1 1 
1 
1 1 1 1 1 
0 0 1 0 
0 0 1 
1 0 
0 
1 1 1 0 1 
0 0 0 0 
0 1 1 
1 0 
0 
1 1 1 0 1 
0 0 0 0 
1 0 0 
1 0 
0 
1 1 1 0 1 
0 0 0 0 
0 0 0 
0 0 
1 
1 0 0 1 1 
0 0 0 0 
0 0 0 
0 0 
1 
1 0 1 0 0 
0 0 0 0 
0 0 0 
0 0 
1 
Failed
Success = 0; Fail = 95
1 1 1 1 1 
1 0 1 1 
1 1 1 
1 1 
1 
1 1 1 1 1 
1 1 1 1 
1 0 1 
1 0 
1 
1 1 1 0 1 
1 1 0 1 
1 1 1 
1 0 
1 
1 1 1 0 1 
1 0 0 1 
1 0 1 
1 1 
1 
1 0 0 1 1 
1 0 0 1 
1 0 1 
1 1 
1 
1 0 1 0 0 
1 0 0 1 
1 0 1 
1 1 
1 
1 0 1 0 1 
1 0 0 0 
1 0 0 
1 1 
1 
1 0 1 0 1 
1 0 0 0 
1 0 1 
1 0 
0 
1 0 1 0 1 
1 0 0 0 
0 0 1 
0 0 
1 
0 0 1 0 1 
0 0 0 0 
1 0 1 
0 0 
1 
Failed
Success = 0; Fail = 96
1 1 1 1 1 
1 0 1 1 
1 1 1 
1 1 
1 
1 1 1 1 1 
1 1 0 0 
1 1 1 
1 1 
1 
1 1 1 1 1 
0 0 1 0 
1 1 1 
1 1 
1 
1 1 1 1 1 
0 0 1 1 
1 1 0 
1 0 
1 
1 1 1 1 1 
0 0 1 1 
0 0 1 
1 0 
1 
1 1 1 1 1 
0 0 1 1 
1 0 1 
0 0 
0 
1 1 1 1 1 
0 0 1 0 
1 0 0 
0 1 
0 
1 1 0 1 1 
0 0 0 0 
1 0 1 
0 1 
0 
0 0 1 1 1 
0 0 0 0 
1 0 1 
0 1 
0 
0 0 1 1 1 
0 0 0 0 
1 0 0 
0 0 
1 
0 1 0 0 1 
0 0 0 0 
1 0 0 
0 0 
1 
Failed
Success = 0; Fail = 97
1 1 1 1 1 
1 0 1 1 
1 1 1 
1 1 
1 
1 1 1 1 1 
1 1 0 0 
1 1 1 
1 1 
1 
1 1 1 1 1 
0 0 1 0 
1 1 1 
1 1 
1 
1 1 1 1 1 
0 0 1 1 
1 1 0 
1 0 
1 
1 1 1 1 1 
0 0 1 1 
0 0 1 
1 0 
1 
1 1 1 1 1 
0 0 1 0 
0 0 0 
1 1 
1 
1 1 1 1 1 
0 0 1 0 
0 0 1 
1 0 
0 
1 1 1 0 1 
0 0 0 0 
0 1 1 
1 0 
0 
1 0 0 1 1 
0 0 0 0 
0 1 1 
1 0 
0 
1 0 0 1 1 
0 0 1 0 
0 0 1 
0 0 
0 
1 0 0 0 1 
0 0 0 0 
0 1 1 
0 0 
0 
1 0 0 0 1 
0 0 0 0 
1 0 0 
0 0 
0 
Failed
Success = 0; Fail = 98
1 1 1 1 1 
1 0 1 1 
1 1 1 
1 1 
1 
1 1 1 1 1 
1 1 0 0 
1 1 1 
1 1 
1 
1 1 1 1 1 
1 1 0 1 
1 1 0 
1 0 
1 
1 1 1 1 1 
1 0 0 1 
1 0 0 
1 1 
1 
1 1 1 1 0 
1 0 0 0 
1 0 1 
1 1 
1 
1 1 1 1 0 
1 0 0 1 
1 0 0 
1 0 
1 
1 1 0 0 1 
1 0 0 1 
1 0 0 
1 0 
1 
0 0 1 0 1 
1 0 0 1 
1 0 0 
1 0 
1 
0 0 1 0 0 
1 0 0 0 
1 0 1 
1 0 
1 
1 0 1 0 0 
0 0 0 0 
0 0 1 
1 0 
1 
1 0 1 0 0 
0 0 0 0 
1 0 1 
0 0 
0 
Failed
Success = 0; Fail = 99
1 1 1 1 1 
1 0 1 1 
1 1 1 
1 1 
1 
1 1 1 1 1 
1 1 0 0 
1 1 1 
1 1 
1 
1 1 1 1 1 
1 1 1 0 
1 0 1 
0 1 
1 
1 0 1 1 1 
1 0 1 0 
1 1 1 
0 1 
1 
1 1 0 0 1 
1 0 1 0 
1 1 1 
0 1 
1 
1 1 0 0 1 
0 0 1 0 
0 1 1 
1 1 
1 
1 1 0 0 1 
0 1 1 0 
0 0 1 
1 0 
1 
1 1 0 0 1 
1 0 0 0 
0 0 1 
1 0 
1 
0 0 1 0 1 
1 0 0 0 
0 0 1 
1 0 
1 
0 0 1 0 1 
1 0 0 0 
1 0 1 
0 0 
0 
1 0 1 0 1 
0 0 0 0 
0 0 1 
0 0 
0 
Failed
Success = 0; Fail = 100
1 1 1 1 1 
1 0 1 1 
1 1 1 
1 1 
1 
1 1 1 1 1 
1 1 0 0 
1 1 1 
1 1 
1 
1 1 1 1 1 
1 1 0 1 
1 1 0 
1 0 
1 
1 1 1 1 0 
1 1 0 0 
1 1 1 
1 0 
1 
1 1 1 1 0 
1 1 1 0 
1 0 1 
0 0 
1 
1 1 1 1 0 
1 0 0 1 
1 0 1 
0 0 
1 
1 1 1 1 0 
1 0 0 0 
1 0 0 
0 1 
1 
1 1 1 1 0 
0 0 0 0 
0 0 0 
1 1 
1 
1 1 1 1 0 
0 0 0 0 
1 0 0 
0 1 
0 
1 1 0 0 1 
0 0 0 0 
1 0 0 
0 1 
0 
0 0 1 0 1 
0 0 0 0 
1 0 0 
0 1 
0 
Failed
Success = 0; Fail = 101
1 1 1 1 1 
1 0 1 1 
1 1 1 
1 1 
1 
1 1 1 1 1 
1 1 0 0 
1 1 1 
1 1 
1 
1 1 1 1 1 
1 1 0 1 
1 1 0 
1 0 
1 
1 1 1 1 1 
1 1 0 1 
0 0 1 
1 0 
1 
0 1 1 1 1 
0 1 0 1 
1 0 1 
1 0 
1 
0 1 1 1 1 
1 1 0 1 
0 0 1 
0 0 
1 
1 0 0 1 1 
1 1 0 1 
0 0 1 
0 0 
1 
1 0 0 1 1 
0 0 1 1 
0 0 1 
0 0 
1 
1 0 0 1 1 
0 1 0 0 
0 0 1 
0 0 
1 
1 0 1 0 0 
0 1 0 0 
0 0 1 
0 0 
1 
1 0 0 0 0 
0 0 0 0 
1 0 1 
0 0 
1 
Failed
Success = 0; Fail = 102
1 1 1 1 1 
1 0 1 1 
1 1 1 
1 1 
1 
1 1 1 1 1 
1 1 1 1 
1 0 1 
1 0 
1 
1 1 1 1 1 
1 1 1 0 
1 0 0 
1 1 
1 
1 0 1 1 1 
1 0 1 0 
1 1 0 
1 1 
1 
1 1 0 0 1 
1 0 1 0 
1 1 0 
1 1 
1 
1 1 0 0 1 
1 1 1 0 
1 0 0 
1 0 
1 
0 0 1 0 1 
1 1 1 0 
1 0 0 
1 0 
1 
1 0 1 0 1 
0 1 1 0 
0 0 0 
1 0 
1 
1 0 1 0 1 
0 0 0 1 
0 0 0 
1 0 
1 
1 0 1 0 1 
0 0 0 1 
1 0 0 
0 0 
0 
1 0 1 0 0 
0 0 0 0 
1 0 1 
0 0 
0 
Failed
Success = 0; Fail = 103
1 1 1 1 1 
1 0 1 1 
1 1 1 
1 1 
1 
1 1 1 1 1 
1 1 0 0 
1 1 1 
1 1 
1 
1 1 1 1 1 
1 1 0 1 
1 1 0 
1 0 
1 
1 1 1 1 0 
1 1 0 0 
1 1 1 
1 0 
1 
1 1 0 0 1 
1 1 0 0 
1 1 1 
1 0 
1 
1 1 1 0 1 
1 0 0 0 
0 1 1 
1 0 
1 
1 1 1 0 1 
1 0 0 0 
1 1 1 
0 0 
0 
1 1 1 0 1 
0 0 0 0 
0 1 1 
1 0 
0 
1 1 1 0 1 
0 0 0 0 
1 0 0 
1 0 
0 
1 0 0 1 1 
0 0 0 0 
1 0 0 
1 0 
0 
1 0 0 1 1 
0 0 0 0 
0 0 0 
0 0 
1 
1 0 1 0 0 
0 0 0 0 
0 0 0 
0 0 
1 
Failed
Success = 0; Fail = 104
1 1 1 1 1 
1 0 1 1 
1 1 1 
1 1 
1 
1 1 1 1 1 
1 1 0 0 
1 1 1 
1 1 
1 
1 1 1 1 1 
0 0 1 0 
1 1 1 
1 1 
1 
1 1 1 1 1 
0 0 1 1 
1 1 0 
1 0 
1 
1 1 1 1 0 
0 0 1 0 
1 1 1 
1 0 
1 
1 1 0 0 1 
0 0 1 0 
1 1 1 
1 0 
1 
0 0 1 0 1 
0 0 1 0 
1 1 1 
1 0 
1 
0 0 1 1 1 
0 0 0 0 
1 0 1 
1 0 
1 
0 0 1 1 1 
1 0 0 0 
0 0 1 
0 0 
1 
0 1 0 0 1 
1 0 0 0 
0 0 1 
0 0 
1 
Failed
Success = 0; Fail = 105
1 1 1 1 1 
1 0 1 1 
1 1 1 
1 1 
1 
1 1 1 1 1 
1 1 0 0 
1 1 1 
1 1 
1 
1 1 1 1 1 
0 0 1 0 
1 1 1 
1 1 
1 
1 1 1 1 1 
1 0 1 0 
0 1 1 
0 1 
1 
0 1 1 1 1 
0 0 1 0 
1 1 1 
0 1 
1 
0 1 1 1 1 
0 0 1 1 
1 1 0 
0 0 
1 
0 1 0 1 1 
0 0 0 1 
1 1 1 
0 0 
1 
0 1 0 1 1 
0 0 0 0 
1 1 0 
0 1 
1 
0 1 0 1 1 
0 0 0 0 
1 1 1 
0 0 
0 
0 1 1 0 0 
0 0 0 0 
1 1 1 
0 0 
0 
1 0 0 0 0 
0 0 0 0 
1 1 1 
0 0 
0 
Failed
Success = 0; Fail = 106
1 1 1 1 1 
1 0 1 1 
1 1 1 
1 1 
1 
1 1 1 1 1 
1 1 0 0 
1 1 1 
1 1 
1 
1 1 1 1 1 
0 0 1 0 
1 1 1 
1 1 
1 
1 1 1 1 1 
0 0 1 1 
1 1 0 
1 0 
1 
1 1 1 1 1 
0 1 0 0 
1 1 0 
1 0 
1 
1 1 1 1 1 
0 1 1 0 
1 0 0 
0 0 
1 
1 1 1 1 1 
1 0 0 0 
1 0 0 
0 0 
1 
1 1 1 1 1 
0 0 0 0 
0 0 0 
1 0 
1 
1 1 1 1 1 
0 0 0 0 
1 0 0 
0 0 
0 
Failed
Success = 0; Fail = 107
1 1 1 1 1 
1 0 1 1 
1 1 1 
1 1 
1 
1 1 1 1 1 
1 1 0 0 
1 1 1 
1 1 
1 
1 1 1 1 1 
0 0 1 0 
1 1 1 
1 1 
1 
1 1 1 1 1 
0 1 1 0 
1 0 1 
1 0 
1 
1 1 1 1 1 
1 1 1 0 
0 0 1 
0 0 
1 
1 1 0 1 1 
1 0 1 0 
1 0 1 
0 0 
1 
1 1 0 1 1 
0 0 1 0 
0 0 1 
1 0 
1 
1 1 1 1 1 
0 0 0 0 
0 0 0 
1 0 
1 
1 1 1 1 1 
0 0 0 0 
1 0 0 
0 0 
0 
Failed
Success = 0; Fail = 108
1 1 1 1 1 
1 0 1 1 
1 1 1 
1 1 
1 
1 1 1 1 1 
1 1 1 1 
1 0 1 
1 0 
1 
1 1 1 0 1 
1 1 0 1 
1 1 1 
1 0 
1 
1 1 1 0 1 
0 0 1 1 
1 1 1 
1 0 
1 
1 1 1 0 1 
0 0 1 0 
1 1 0 
1 1 
1 
1 1 1 0 1 
0 0 1 0 
1 1 1 
1 0 
0 
1 1 1 1 1 
0 0 0 0 
1 0 1 
1 0 
0 
1 1 1 1 1 
0 0 0 0 
0 0 1 
0 0 
1 
Failed
Success = 0; Fail = 109
1 1 1 1 1 
1 0 1 1 
1 1 1 
1 1 
1 
1 1 1 1 1 
1 1 0 0 
1 1 1 
1 1 
1 
1 1 1 1 1 
1 1 0 1 
1 1 0 
1 0 
1 
1 1 1 1 0 
1 1 0 0 
1 1 1 
1 0 
1 
1 1 1 1 0 
1 1 1 0 
1 0 1 
0 0 
1 
1 0 1 1 0 
1 0 1 0 
1 1 1 
0 0 
1 
1 1 0 0 0 
1 0 1 0 
1 1 1 
0 0 
1 
1 1 1 0 0 
1 0 0 0 
1 1 0 
0 0 
1 
1 1 1 0 0 
0 0 0 0 
0 1 0 
1 0 
1 
1 0 0 1 0 
0 0 0 0 
0 1 0 
1 0 
1 
1 0 0 1 0 
0 0 1 0 
0 0 0 
0 0 
1 
1 0 0 0 0 
0 0 0 0 
0 1 0 
0 0 
1 
Failed
Success = 0; Fail = 110
1 1 1 1 1 
1 0 1 1 
1 1 1 
1 1 
1 
1 1 1 1 1 
1 1 0 0 
1 1 1 
1 1 
1 
1 1 1 1 1 
0 0 1 0 
1 1 1 
1 1 
1 
1 1 1 1 1 
0 1 1 0 
1 0 1 
1 0 
1 
1 0 1 1 1 
0 0 1 0 
1 1 1 
1 0 
1 
1 1 0 0 1 
0 0 1 0 
1 1 1 
1 0 
1 
1 1 0 1 1 
0 0 0 0 
1 0 1 
1 0 
1 
0 0 1 1 1 
0 0 0 0 
1 0 1 
1 0 
1 
0 0 1 1 1 
1 0 0 0 
0 0 1 
0 0 
1 
0 1 0 0 1 
1 0 0 0 
0 0 1 
0 0 
1 
Failed
Success = 0; Fail = 111
1 1 1 1 1 
1 0 1 1 
1 1 1 
1 1 
1 
1 1 1 1 1 
1 1 0 0 
1 1 1 
1 1 
1 
1 1 1 1 1 
1 1 0 1 
1 1 0 
1 0 
1 
1 1 1 1 0 
1 1 0 0 
1 1 1 
1 0 
1 
1 1 1 1 0 
1 1 1 0 
1 0 1 
0 0 
1 
1 1 0 0 1 
1 1 1 0 
1 0 1 
0 0 
1 
1 0 0 0 1 
1 0 1 0 
1 1 1 
0 0 
1 
1 0 0 0 1 
1 0 0 0 
1 0 1 
1 0 
1 
Failed
Success = 0; Fail = 112
1 1 1 1 1 
1 0 1 1 
1 1 1 
1 1 
1 
1 1 1 1 1 
1 1 1 1 
1 0 1 
1 0 
1 
1 1 1 0 1 
1 1 0 1 
1 1 1 
1 0 
1 
1 1 1 0 1 
1 0 0 1 
1 0 1 
1 1 
1 
1 0 0 1 1 
1 0 0 1 
1 0 1 
1 1 
1 
1 0 1 0 0 
1 0 0 1 
1 0 1 
1 1 
1 
1 0 1 0 1 
1 0 0 0 
1 0 0 
1 1 
1 
1 0 1 0 1 
1 0 0 0 
1 0 1 
1 0 
0 
1 0 1 0 1 
1 0 0 0 
0 0 1 
0 0 
1 
0 0 1 0 1 
0 0 0 0 
1 0 1 
0 0 
1 
Failed
Success = 0; Fail = 113
1 1 1 1 1 
1 0 1 1 
1 1 1 
1 1 
1 
1 1 1 1 1 
1 1 0 0 
1 1 1 
1 1 
1 
1 1 1 1 1 
1 1 0 1 
1 1 0 
1 0 
1 
1 1 1 1 1 
0 0 1 1 
1 1 0 
1 0 
1 
1 1 0 1 1 
0 0 0 1 
1 1 1 
1 0 
1 
1 1 0 1 1 
0 0 0 0 
1 1 0 
1 1 
1 
0 0 1 1 1 
0 0 0 0 
1 1 0 
1 1 
1 
0 1 0 0 1 
0 0 0 0 
1 1 0 
1 1 
1 
0 1 0 0 1 
0 0 0 0 
1 1 1 
1 0 
0 
0 1 0 0 1 
1 0 0 0 
0 1 1 
0 0 
0 
0 1 0 0 1 
1 0 0 0 
1 0 0 
0 0 
0 
0 1 0 0 1 
0 0 0 0 
0 0 0 
1 0 
0 
Failed
Success = 0; Fail = 114
1 1 1 1 1 
1 0 1 1 
1 1 1 
1 1 
1 
1 1 1 1 1 
1 1 1 1 
1 0 1 
1 0 
1 
1 1 1 1 1 
1 1 1 0 
1 0 0 
1 1 
1 
1 1 1 1 1 
1 0 0 1 
1 0 0 
1 1 
1 
1 1 1 1 1 
1 0 0 1 
1 0 1 
1 0 
0 
1 1 1 1 1 
1 0 0 1 
0 0 1 
0 0 
1 
0 1 1 1 1 
0 0 0 1 
1 0 1 
0 0 
1 
0 1 1 1 1 
0 0 0 0 
1 0 0 
0 1 
1 
0 1 1 1 1 
0 0 0 0 
1 0 1 
0 0 
0 
1 0 0 1 1 
0 0 0 0 
1 0 1 
0 0 
0 
1 0 1 0 0 
0 0 0 0 
1 0 1 
0 0 
0 
Failed
Success = 0; Fail = 115
1 1 1 1 1 
1 0 1 1 
1 1 1 
1 1 
1 
1 1 1 1 1 
1 1 0 0 
1 1 1 
1 1 
1 
1 1 1 1 1 
1 1 1 0 
1 0 1 
0 1 
1 
1 0 1 1 1 
1 0 1 0 
1 1 1 
0 1 
1 
1 0 1 1 1 
1 1 1 0 
1 0 1 
0 0 
1 
1 0 1 1 1 
0 1 1 0 
0 0 1 
1 0 
1 
1 0 1 1 1 
1 0 0 0 
0 0 1 
1 0 
1 
1 0 1 1 1 
1 0 0 0 
1 0 1 
0 0 
0 
1 0 1 1 1 
0 0 0 0 
0 0 1 
1 0 
0 
1 1 0 0 1 
0 0 0 0 
0 0 1 
1 0 
0 
0 0 1 0 1 
0 0 0 0 
0 0 1 
1 0 
0 
Failed
Success = 0; Fail = 116
1 1 1 1 1 
1 0 1 1 
1 1 1 
1 1 
1 
1 1 1 1 1 
1 1 0 0 
1 1 1 
1 1 
1 
1 1 1 1 1 
0 0 1 0 
1 1 1 
1 1 
1 
1 1 1 1 1 
0 0 1 1 
1 1 0 
1 0 
1 
1 1 1 1 0 
0 0 1 0 
1 1 1 
1 0 
1 
1 1 0 0 1 
0 0 1 0 
1 1 1 
1 0 
1 
1 1 0 1 1 
0 0 0 0 
1 0 1 
1 0 
1 
1 1 0 1 1 
1 0 0 0 
0 0 1 
0 0 
1 
0 0 1 1 1 
1 0 0 0 
0 0 1 
0 0 
1 
0 1 0 0 1 
1 0 0 0 
0 0 1 
0 0 
1 
Failed
Success = 0; Fail = 117
1 1 1 1 1 
1 0 1 1 
1 1 1 
1 1 
1 
1 1 1 1 1 
1 1 1 1 
1 0 1 
1 0 
1 
1 1 1 0 1 
1 1 0 1 
1 1 1 
1 0 
1 
1 1 1 0 1 
1 0 0 1 
1 0 1 
1 1 
1 
1 0 0 1 1 
1 0 0 1 
1 0 1 
1 1 
1 
1 0 1 0 0 
1 0 0 1 
1 0 1 
1 1 
1 
1 0 1 0 1 
1 0 0 0 
1 0 0 
1 1 
1 
1 0 1 0 1 
1 0 0 0 
1 0 1 
1 0 
0 
1 0 1 0 1 
1 0 0 0 
0 0 1 
0 0 
1 
0 0 1 0 1 
0 0 0 0 
1 0 1 
0 0 
1 
Failed
Success = 0; Fail = 118
1 1 1 1 1 
1 0 1 1 
1 1 1 
1 1 
1 
1 1 1 1 1 
1 1 1 1 
1 0 1 
1 0 
1 
1 0 1 1 1 
1 0 1 1 
1 1 1 
1 0 
1 
1 0 1 1 1 
1 0 1 0 
1 1 0 
1 1 
1 
1 0 1 1 1 
1 0 1 0 
1 1 1 
1 0 
0 
1 0 1 1 1 
1 0 1 0 
0 1 1 
0 0 
1 
1 0 1 1 1 
1 0 0 0 
0 0 1 
1 0 
1 
1 1 0 0 1 
1 0 0 0 
0 0 1 
1 0 
1 
0 0 1 0 1 
1 0 0 0 
0 0 1 
1 0 
1 
0 0 1 0 1 
1 0 0 0 
1 0 1 
0 0 
0 
1 0 1 0 1 
0 0 0 0 
0 0 1 
0 0 
0 
Failed
Success = 0; Fail = 119
1 1 1 1 1 
1 0 1 1 
1 1 1 
1 1 
1 
1 1 1 1 1 
1 1 0 0 
1 1 1 
1 1 
1 
1 1 1 1 1 
1 1 0 1 
1 1 0 
1 0 
1 
1 1 1 1 1 
0 0 1 1 
1 1 0 
1 0 
1 
1 1 0 1 1 
0 0 0 1 
1 1 1 
1 0 
1 
1 1 1 0 0 
0 0 0 1 
1 1 1 
1 0 
1 
1 1 1 0 0 
1 0 0 1 
0 1 1 
0 0 
1 
1 1 1 0 1 
1 0 0 0 
0 1 0 
0 0 
1 
0 1 1 0 1 
0 0 0 0 
1 1 0 
0 0 
1 
0 0 0 1 1 
0 0 0 0 
1 1 0 
0 0 
1 
0 0 1 0 0 
0 0 0 0 
1 1 0 
0 0 
1 
0 0 1 0 0 
0 0 0 0 
0 0 1 
0 0 
1 
Failed
Success = 0; Fail = 120
1 1 1 1 1 
1 0 1 1 
1 1 1 
1 1 
1 
1 1 1 1 1 
1 1 0 0 
1 1 1 
1 1 
1 
1 1 1 1 1 
0 0 1 0 
1 1 1 
1 1 
1 
1 1 1 1 1 
1 0 1 0 
0 1 1 
0 1 
1 
1 1 1 1 1 
1 0 1 0 
1 0 0 
0 1 
1 
1 1 1 1 1 
1 0 1 0 
1 0 1 
0 0 
0 
1 1 1 0 1 
1 0 0 0 
1 1 1 
0 0 
0 
1 0 0 1 1 
1 0 0 0 
1 1 1 
0 0 
0 
1 0 1 0 0 
1 0 0 0 
1 1 1 
0 0 
0 
1 0 1 0 0 
0 0 0 0 
0 1 1 
1 0 
0 
1 0 1 0 0 
0 0 1 0 
0 0 1 
0 0 
0 
Failed
Success = 0; Fail = 121
1 1 1 1 1 
1 0 1 1 
1 1 1 
1 1 
1 
1 1 1 1 1 
1 1 1 1 
1 0 1 
1 0 
1 
1 0 1 1 1 
1 0 1 1 
1 1 1 
1 0 
1 
1 0 1 1 1 
1 1 0 0 
1 1 1 
1 0 
1 
1 0 1 1 1 
1 0 0 0 
1 0 1 
1 1 
1 
1 0 1 1 1 
1 0 0 1 
1 0 0 
1 0 
1 
1 0 1 1 0 
1 0 0 0 
1 0 1 
1 0 
1 
1 1 0 0 0 
1 0 0 0 
1 0 1 
1 0 
1 
0 0 1 0 0 
1 0 0 0 
1 0 1 
1 0 
1 
1 0 1 0 0 
0 0 0 0 
0 0 1 
1 0 
1 
1 0 1 0 0 
0 0 0 0 
1 0 1 
0 0 
0 
Failed
Success = 0; Fail = 122
1 1 1 1 1 
1 0 1 1 
1 1 1 
1 1 
1 
1 1 1 1 1 
1 1 1 1 
1 0 1 
1 0 
1 
1 1 1 0 1 
1 1 0 1 
1 1 1 
1 0 
1 
1 1 1 0 1 
1 1 0 0 
1 1 0 
1 1 
1 
1 0 0 1 1 
1 1 0 0 
1 1 0 
1 1 
1 
1 1 0 1 1 
1 0 0 0 
1 0 0 
1 1 
1 
1 1 1 0 0 
1 0 0 0 
1 0 0 
1 1 
1 
1 1 1 0 0 
1 0 0 0 
1 0 1 
1 0 
0 
1 0 0 1 0 
1 0 0 0 
1 0 1 
1 0 
0 
1 0 0 1 0 
1 0 0 0 
0 0 1 
0 0 
1 
0 0 0 1 0 
0 0 0 0 
1 0 1 
0 0 
1 
Failed
Success = 0; Fail = 123
1 1 1 1 1 
1 0 1 1 
1 1 1 
1 1 
1 
1 1 1 1 1 
1 1 0 0 
1 1 1 
1 1 
1 
1 1 1 1 1 
1 1 0 1 
1 1 0 
1 0 
1 
1 1 1 1 1 
1 1 0 1 
0 0 1 
1 0 
1 
1 1 1 1 1 
1 1 0 0 
0 0 0 
1 1 
1 
0 1 1 1 1 
0 1 0 0 
1 0 0 
1 1 
1 
0 0 1 1 1 
0 0 0 0 
1 1 0 
1 1 
1 
0 0 1 1 1 
1 0 0 0 
0 1 0 
0 1 
1 
0 0 1 1 1 
1 0 0 0 
0 1 1 
0 0 
0 
0 1 0 0 1 
1 0 0 0 
0 1 1 
0 0 
0 
0 1 0 0 1 
1 0 0 0 
1 0 0 
0 0 
0 
1 1 0 0 1 
0 0 0 0 
0 0 0 
0 0 
0 
0 0 1 0 1 
0 0 0 0 
0 0 0 
0 0 
0 
Failed
Success = 0; Fail = 124
1 1 1 1 1 
1 0 1 1 
1 1 1 
1 1 
1 
1 1 1 1 1 
1 1 0 0 
1 1 1 
1 1 
1 
1 1 1 1 1 
1 1 1 0 
1 0 1 
0 1 
1 
1 1 1 1 1 
1 1 1 1 
1 0 0 
0 0 
1 
1 0 1 1 1 
1 0 1 1 
1 1 0 
0 0 
1 
1 0 0 1 1 
1 0 0 1 
1 1 1 
0 0 
1 
1 0 0 1 1 
0 0 0 1 
0 1 1 
1 0 
1 
1 0 0 1 1 
0 0 0 0 
0 1 0 
1 1 
1 
1 0 0 1 1 
0 0 0 0 
1 1 0 
0 1 
0 
1 0 1 0 0 
0 0 0 0 
1 1 0 
0 1 
0 
1 0 1 0 0 
0 1 0 0 
1 0 0 
0 0 
0 
Failed
Success = 0; Fail = 125
1 1 1 1 1 
1 0 1 1 
1 1 1 
1 1 
1 
1 1 1 1 1 
1 1 0 0 
1 1 1 
1 1 
1 
1 1 1 1 1 
0 0 1 0 
1 1 1 
1 1 
1 
1 1 1 1 1 
0 0 1 1 
1 1 0 
1 0 
1 
1 1 1 1 1 
0 1 0 0 
1 1 0 
1 0 
1 
1 1 1 1 1 
0 1 0 0 
0 0 1 
1 0 
1 
1 1 0 1 1 
0 0 0 0 
1 0 1 
1 0 
1 
0 0 1 1 1 
0 0 0 0 
1 0 1 
1 0 
1 
0 0 1 1 1 
1 0 0 0 
0 0 1 
0 0 
1 
0 1 0 0 1 
1 0 0 0 
0 0 1 
0 0 
1 
Failed
Success = 0; Fail = 126
1 1 1 1 1 
1 0 1 1 
1 1 1 
1 1 
1 
1 1 1 1 1 
1 1 1 1 
1 0 1 
1 0 
1 
1 1 1 0 1 
1 1 0 1 
1 1 1 
1 0 
1 
1 1 1 0 1 
1 1 0 0 
1 1 0 
1 1 
1 
1 1 1 0 1 
1 1 0 0 
1 1 1 
1 0 
0 
1 0 0 1 1 
1 1 0 0 
1 1 1 
1 0 
0 
1 0 1 0 0 
1 1 0 0 
1 1 1 
1 0 
0 
1 0 1 0 0 
1 0 0 0 
1 0 1 
1 1 
0 
1 0 1 0 0 
1 0 0 1 
1 0 0 
1 0 
0 
1 0 1 0 0 
1 0 0 1 
0 0 0 
0 0 
1 
0 0 1 0 0 
0 0 0 1 
1 0 0 
0 0 
1 
Failed
Success = 0; Fail = 127
1 1 1 1 1 
1 0 1 1 
1 1 1 
1 1 
1 
1 1 1 1 1 
1 1 1 1 
1 0 1 
1 0 
1 
1 1 1 0 1 
1 1 0 1 
1 1 1 
1 0 
1 
1 1 1 0 1 
1 1 1 1 
1 0 1 
0 0 
1 
1 1 1 0 1 
0 1 1 1 
0 0 1 
1 0 
1 
1 1 0 0 1 
0 0 1 1 
1 0 1 
1 0 
1 
0 0 1 0 1 
0 0 1 1 
1 0 1 
1 0 
1 
0 0 1 0 1 
0 0 1 0 
1 0 0 
1 1 
1 
0 0 1 0 1 
1 0 1 0 
0 0 0 
0 1 
1 
0 0 0 0 1 
1 0 0 0 
0 0 1 
0 1 
1 
0 0 0 0 1 
1 0 0 1 
0 0 0 
0 0 
1 
0 0 0 0 0 
1 0 0 0 
0 0 1 
0 0 
1 
Failed
Success = 0; Fail = 128
1 1 1 1 1 
1 0 1 1 
1 1 1 
1 1 
1 
1 1 1 1 1 
1 1 0 0 
1 1 1 
1 1 
1 
1 1 1 1 1 
1 1 1 0 
1 0 1 
0 1 
1 
1 1 1 1 1 
1 0 0 1 
1 0 1 
0 1 
1 
1 1 1 1 1 
0 0 0 1 
0 0 1 
1 1 
1 
1 1 1 1 1 
0 0 0 1 
1 0 1 
0 1 
0 
1 1 1 1 1 
0 0 0 1 
1 0 0 
0 0 
1 
1 1 1 1 0 
0 0 0 0 
1 0 1 
0 0 
1 
1 1 0 0 1 
0 0 0 0 
1 0 1 
0 0 
1 
0 0 1 0 1 
0 0 0 0 
1 0 1 
0 0 
1 
Failed
Success = 0; Fail = 129
1 1 1 1 1 
1 0 1 1 
1 1 1 
1 1 
1 
1 1 1 1 1 
1 1 0 0 
1 1 1 
1 1 
1 
1 1 1 1 1 
1 1 1 0 
1 0 1 
0 1 
1 
1 1 1 1 1 
1 0 0 1 
1 0 1 
0 1 
1 
1 1 1 1 1 
0 0 0 1 
0 0 1 
1 1 
1 
1 1 1 1 1 
0 0 0 1 
1 0 1 
0 1 
0 
1 1 1 1 1 
0 0 0 1 
1 0 0 
0 0 
1 
1 1 1 1 0 
0 0 0 0 
1 0 1 
0 0 
1 
1 1 0 0 1 
0 0 0 0 
1 0 1 
0 0 
1 
0 0 1 0 1 
0 0 0 0 
1 0 1 
0 0 
1 
Failed
Success = 0; Fail = 130
1 1 1 1 1 
1 0 1 1 
1 1 1 
1 1 
1 
1 1 1 1 1 
1 1 0 0 
1 1 1 
1 1 
1 
1 1 1 1 1 
1 1 0 1 
1 1 0 
1 0 
1 
1 1 1 1 1 
1 1 1 1 
1 0 0 
0 0 
1 
1 0 1 1 1 
1 0 1 1 
1 1 0 
0 0 
1 
1 0 1 1 1 
0 0 1 1 
0 1 0 
1 0 
1 
1 0 1 1 1 
0 1 0 0 
0 1 0 
1 0 
1 
1 1 1 1 1 
0 0 0 0 
0 0 0 
1 0 
1 
1 1 1 1 1 
0 0 0 0 
1 0 0 
0 0 
0 
Failed
Success = 0; Fail = 131
1 1 1 1 1 
1 0 1 1 
1 1 1 
1 1 
1 
1 1 1 1 1 
1 1 0 0 
1 1 1 
1 1 
1 
1 1 1 1 1 
1 1 0 1 
1 1 0 
1 0 
1 
1 1 1 1 0 
1 1 0 0 
1 1 1 
1 0 
1 
1 1 1 1 0 
1 0 0 0 
1 0 1 
1 1 
1 
1 1 1 1 0 
1 0 0 1 
1 0 0 
1 0 
1 
1 1 0 0 1 
1 0 0 1 
1 0 0 
1 0 
1 
1 1 0 0 0 
1 0 0 0 
1 0 1 
1 0 
1 
0 0 1 0 0 
1 0 0 0 
1 0 1 
1 0 
1 
1 0 1 0 0 
0 0 0 0 
0 0 1 
1 0 
1 
1 0 1 0 0 
0 0 0 0 
1 0 1 
0 0 
0 
Failed
Success = 0; Fail = 132
1 1 1 1 1 
1 0 1 1 
1 1 1 
1 1 
1 
1 1 1 1 1 
1 1 1 1 
1 0 1 
1 0 
1 
1 1 1 0 1 
1 1 0 1 
1 1 1 
1 0 
1 
1 1 1 0 1 
0 0 1 1 
1 1 1 
1 0 
1 
1 1 1 0 1 
0 0 1 0 
1 1 0 
1 1 
1 
1 1 1 1 1 
0 0 0 0 
1 0 0 
1 1 
1 
1 1 1 1 1 
1 0 0 0 
0 0 0 
0 1 
1 
0 1 1 1 1 
0 0 0 0 
1 0 0 
0 1 
1 
1 0 0 1 1 
0 0 0 0 
1 0 0 
0 1 
1 
1 0 0 1 1 
0 0 0 0 
1 0 1 
0 0 
0 
1 0 1 0 0 
0 0 0 0 
1 0 1 
0 0 
0 
Failed
Success = 0; Fail = 133
1 1 1 1 1 
1 0 1 1 
1 1 1 
1 1 
1 
1 1 1 1 1 
1 1 1 1 
1 0 1 
1 0 
1 
1 0 1 1 1 
1 0 1 1 
1 1 1 
1 0 
1 
1 0 1 1 1 
1 1 0 0 
1 1 1 
1 0 
1 
1 1 1 1 1 
1 0 0 0 
1 0 1 
1 0 
1 
Failed
Success = 0; Fail = 134
1 1 1 1 1 
1 0 1 1 
1 1 1 
1 1 
1 
1 1 1 1 1 
1 1 1 1 
1 0 1 
1 0 
1 
1 0 1 1 1 
1 0 1 1 
1 1 1 
1 0 
1 
1 1 0 0 1 
1 0 1 1 
1 1 1 
1 0 
1 
0 0 1 0 1 
1 0 1 1 
1 1 1 
1 0 
1 
0 0 1 0 1 
1 0 1 0 
1 1 0 
1 1 
1 
0 0 1 0 1 
1 0 1 0 
1 1 1 
1 0 
0 
1 0 1 0 1 
0 0 1 0 
0 1 1 
1 0 
0 
1 0 1 1 1 
0 0 0 0 
0 0 1 
1 0 
0 
1 1 0 0 1 
0 0 0 0 
0 0 1 
1 0 
0 
0 0 1 0 1 
0 0 0 0 
0 0 1 
1 0 
0 
Failed
Success = 0; Fail = 135
1 1 1 1 1 
1 0 1 1 
1 1 1 
1 1 
1 
1 1 1 1 1 
1 1 1 1 
1 0 1 
1 0 
1 
1 0 1 1 1 
1 0 1 1 
1 1 1 
1 0 
1 
1 0 1 1 1 
1 0 1 0 
1 1 0 
1 1 
1 
1 0 1 1 1 
1 0 1 0 
1 1 1 
1 0 
0 
1 0 1 1 1 
1 0 1 0 
0 1 1 
0 0 
1 
1 0 1 1 1 
1 0 0 0 
0 0 1 
1 0 
1 
1 1 0 0 1 
1 0 0 0 
0 0 1 
1 0 
1 
0 0 1 0 1 
1 0 0 0 
0 0 1 
1 0 
1 
0 0 1 0 1 
1 0 0 0 
1 0 1 
0 0 
0 
1 0 1 0 1 
0 0 0 0 
0 0 1 
0 0 
0 
Failed
Success = 0; Fail = 136
1 1 1 1 1 
1 0 1 1 
1 1 1 
1 1 
1 
1 1 1 1 1 
1 1 1 1 
1 0 1 
1 0 
1 
1 0 1 1 1 
1 0 1 1 
1 1 1 
1 0 
1 
1 1 0 0 1 
1 0 1 1 
1 1 1 
1 0 
1 
1 1 0 1 1 
1 0 0 1 
1 0 1 
1 0 
1 
1 1 1 0 0 
1 0 0 1 
1 0 1 
1 0 
1 
1 1 1 0 1 
1 0 0 0 
1 0 0 
1 0 
1 
1 0 0 1 1 
1 0 0 0 
1 0 0 
1 0 
1 
1 0 1 0 0 
1 0 0 0 
1 0 0 
1 0 
1 
Failed
Success = 0; Fail = 137
1 1 1 1 1 
1 0 1 1 
1 1 1 
1 1 
1 
1 1 1 1 1 
1 1 0 0 
1 1 1 
1 1 
1 
1 1 1 1 1 
1 1 1 0 
1 0 1 
0 1 
1 
1 1 1 1 1 
0 1 1 0 
0 0 1 
1 1 
1 
1 1 1 0 1 
0 1 0 0 
0 1 1 
1 1 
1 
1 1 0 0 1 
0 0 0 0 
1 1 1 
1 1 
1 
0 0 1 0 1 
0 0 0 0 
1 1 1 
1 1 
1 
0 0 1 0 1 
1 0 0 0 
0 1 1 
0 1 
1 
0 0 1 0 1 
1 0 0 0 
1 0 0 
0 1 
1 
0 0 1 0 1 
1 0 0 0 
1 0 1 
0 0 
0 
1 0 1 0 1 
0 0 0 0 
0 0 1 
0 0 
0 
Failed
Success = 0; Fail = 138
1 1 1 1 1 
1 0 1 1 
1 1 1 
1 1 
1 
1 1 1 1 1 
1 1 1 1 
1 0 1 
1 0 
1 
1 1 1 0 1 
1 1 0 1 
1 1 1 
1 0 
1 
1 1 1 0 1 
1 1 1 1 
1 0 1 
0 0 
1 
1 1 1 0 1 
1 1 1 0 
1 0 0 
0 1 
1 
1 0 0 1 1 
1 1 1 0 
1 0 0 
0 1 
1 
1 0 1 0 0 
1 1 1 0 
1 0 0 
0 1 
1 
1 0 1 0 0 
1 0 0 1 
1 0 0 
0 1 
1 
1 0 1 0 0 
0 0 0 1 
0 0 0 
1 1 
1 
1 0 1 0 0 
0 0 0 1 
0 0 1 
1 0 
0 
1 0 1 0 0 
0 0 0 0 
0 0 0 
1 1 
0 
Failed
Success = 0; Fail = 139
1 1 1 1 1 
1 0 1 1 
1 1 1 
1 1 
1 
1 1 1 1 1 
1 1 1 1 
1 0 1 
1 0 
1 
1 1 1 1 1 
1 1 1 0 
1 0 0 
1 1 
1 
1 1 1 1 1 
1 0 0 1 
1 0 0 
1 1 
1 
1 1 1 1 1 
1 0 0 1 
1 0 1 
1 0 
0 
1 1 1 1 1 
1 0 0 1 
0 0 1 
0 0 
1 
1 1 1 1 1 
1 0 0 0 
0 0 0 
0 1 
1 
1 1 1 1 1 
1 0 0 0 
0 0 1 
0 0 
0 
0 1 1 1 1 
0 0 0 0 
1 0 1 
0 0 
0 
1 0 0 1 1 
0 0 0 0 
1 0 1 
0 0 
0 
1 0 1 0 0 
0 0 0 0 
1 0 1 
0 0 
0 
Failed
Success = 0; Fail = 140
1 1 1 1 1 
1 0 1 1 
1 1 1 
1 1 
1 
1 1 1 1 1 
1 1 0 0 
1 1 1 
1 1 
1 
1 1 1 1 1 
0 0 1 0 
1 1 1 
1 1 
1 
1 1 1 1 1 
0 1 1 0 
1 0 1 
1 0 
1 
1 1 1 1 1 
1 0 0 0 
1 0 1 
1 0 
1 
Failed
Success = 0; Fail = 141
1 1 1 1 1 
1 0 1 1 
1 1 1 
1 1 
1 
1 1 1 1 1 
1 1 0 0 
1 1 1 
1 1 
1 
1 1 1 1 1 
1 1 0 1 
1 1 0 
1 0 
1 
1 1 1 1 0 
1 1 0 0 
1 1 1 
1 0 
1 
1 1 1 1 0 
1 1 1 0 
1 0 1 
0 0 
1 
1 1 0 0 1 
1 1 1 0 
1 0 1 
0 0 
1 
1 1 0 0 1 
1 0 0 1 
1 0 1 
0 0 
1 
0 0 1 0 1 
1 0 0 1 
1 0 1 
0 0 
1 
0 0 1 0 1 
1 0 0 0 
1 0 0 
0 1 
1 
0 0 1 0 1 
0 0 0 0 
0 0 0 
1 1 
1 
0 0 1 0 1 
0 0 0 0 
1 0 0 
0 1 
0 
Failed
Success = 0; Fail = 142
1 1 1 1 1 
1 0 1 1 
1 1 1 
1 1 
1 
1 1 1 1 1 
1 1 0 0 
1 1 1 
1 1 
1 
1 1 1 1 1 
0 0 1 0 
1 1 1 
1 1 
1 
1 1 1 1 1 
0 0 1 1 
1 1 0 
1 0 
1 
1 1 1 1 1 
0 0 1 1 
0 0 1 
1 0 
1 
1 1 1 0 1 
0 0 0 1 
0 1 1 
1 0 
1 
1 0 0 1 1 
0 0 0 1 
0 1 1 
1 0 
1 
1 0 0 1 1 
0 0 1 1 
0 0 1 
0 0 
1 
1 0 0 1 1 
0 1 0 0 
0 0 1 
0 0 
1 
1 0 1 0 0 
0 1 0 0 
0 0 1 
0 0 
1 
1 0 0 0 0 
0 0 0 0 
1 0 1 
0 0 
1 
Failed
Success = 0; Fail = 143
1 1 1 1 1 
1 0 1 1 
1 1 1 
1 1 
1 
1 1 1 1 1 
1 1 1 1 
1 0 1 
1 0 
1 
1 1 1 0 1 
1 1 0 1 
1 1 1 
1 0 
1 
1 0 0 1 1 
1 1 0 1 
1 1 1 
1 0 
1 
1 0 0 1 1 
0 0 1 1 
1 1 1 
1 0 
1 
1 0 0 1 1 
1 0 1 1 
0 1 1 
0 0 
1 
1 0 0 1 1 
1 0 1 1 
1 0 0 
0 0 
1 
1 0 0 1 1 
0 0 1 1 
0 0 0 
1 0 
1 
1 0 1 0 0 
0 0 1 1 
0 0 0 
1 0 
1 
1 0 1 0 0 
0 0 1 1 
1 0 0 
0 0 
0 
1 0 0 0 0 
0 0 0 1 
1 0 1 
0 0 
0 
1 0 0 0 1 
0 0 0 0 
1 0 0 
0 0 
0 
Failed
Success = 0; Fail = 144
1 1 1 1 1 
1 0 1 1 
1 1 1 
1 1 
1 
1 1 1 1 1 
1 1 1 1 
1 0 1 
1 0 
1 
1 1 1 0 1 
1 1 0 1 
1 1 1 
1 0 
1 
1 1 1 0 1 
0 0 1 1 
1 1 1 
1 0 
1 
1 1 1 0 1 
0 0 1 0 
1 1 0 
1 1 
1 
1 1 1 1 1 
0 0 0 0 
1 0 0 
1 1 
1 
1 1 1 1 1 
1 0 0 0 
0 0 0 
0 1 
1 
0 1 1 1 1 
0 0 0 0 
1 0 0 
0 1 
1 
1 0 0 1 1 
0 0 0 0 
1 0 0 
0 1 
1 
1 0 0 1 1 
0 0 0 0 
1 0 1 
0 0 
0 
1 0 1 0 0 
0 0 0 0 
1 0 1 
0 0 
0 
Failed
Success = 0; Fail = 145
1 1 1 1 1 
1 0 1 1 
1 1 1 
1 1 
1 
1 1 1 1 1 
1 1 1 1 
1 0 1 
1 0 
1 
1 1 1 1 1 
1 1 1 0 
1 0 0 
1 1 
1 
1 1 0 1 1 
1 1 0 0 
1 0 1 
1 1 
1 
1 1 1 0 0 
1 1 0 0 
1 0 1 
1 1 
1 
1 0 1 0 0 
1 0 0 0 
1 1 1 
1 1 
1 
1 0 1 0 0 
1 0 0 1 
1 1 0 
1 0 
1 
1 0 1 0 0 
1 0 0 1 
0 0 1 
1 0 
1 
1 0 1 0 1 
1 0 0 0 
0 0 0 
1 0 
1 
1 0 1 0 1 
1 0 0 0 
1 0 0 
0 0 
0 
1 0 1 0 1 
0 0 0 0 
0 0 0 
1 0 
0 
Failed
Success = 0; Fail = 146
1 1 1 1 1 
1 0 1 1 
1 1 1 
1 1 
1 
1 1 1 1 1 
1 1 1 1 
1 0 1 
1 0 
1 
1 1 1 0 1 
1 1 0 1 
1 1 1 
1 0 
1 
1 1 1 0 1 
1 1 1 1 
1 0 1 
0 0 
1 
1 0 0 1 1 
1 1 1 1 
1 0 1 
0 0 
1 
1 0 0 1 1 
1 1 1 0 
1 0 0 
0 1 
1 
1 0 0 1 1 
1 1 1 0 
1 0 1 
0 0 
0 
1 0 0 0 1 
1 1 0 0 
1 1 1 
0 0 
0 
1 0 0 0 1 
0 1 0 0 
0 1 1 
1 0 
0 
1 0 0 0 1 
0 1 1 0 
0 0 1 
0 0 
0 
1 0 0 0 1 
1 0 0 0 
0 0 1 
0 0 
0 
0 0 0 0 1 
0 0 0 0 
1 0 1 
0 0 
0 
Failed
Success = 0; Fail = 147
1 1 1 1 1 
1 0 1 1 
1 1 1 
1 1 
1 
1 1 1 1 1 
1 1 0 0 
1 1 1 
1 1 
1 
1 1 1 1 1 
0 0 1 0 
1 1 1 
1 1 
1 
1 1 1 1 1 
0 0 1 1 
1 1 0 
1 0 
1 
1 1 0 1 1 
0 0 0 1 
1 1 1 
1 0 
1 
1 1 1 0 0 
0 0 0 1 
1 1 1 
1 0 
1 
1 1 1 0 0 
0 0 0 0 
1 1 0 
1 1 
1 
1 1 1 0 0 
0 0 0 0 
1 1 1 
1 0 
0 
1 1 1 0 0 
0 0 0 0 
0 1 1 
0 0 
1 
1 0 0 1 0 
0 0 0 0 
0 1 1 
0 0 
1 
1 0 0 1 0 
0 0 0 0 
1 0 0 
0 0 
1 
Failed
Success = 0; Fail = 148
1 1 1 1 1 
1 0 1 1 
1 1 1 
1 1 
1 
1 1 1 1 1 
1 1 0 0 
1 1 1 
1 1 
1 
1 1 1 1 1 
1 1 0 1 
1 1 0 
1 0 
1 
1 1 1 1 1 
1 1 1 1 
1 0 0 
0 0 
1 
1 1 1 0 1 
1 1 0 1 
1 1 0 
0 0 
1 
1 1 1 0 1 
1 0 0 1 
1 0 0 
0 1 
1 
1 0 0 1 1 
1 0 0 1 
1 0 0 
0 1 
1 
1 0 0 1 0 
1 0 0 0 
1 0 1 
0 1 
1 
1 0 0 1 0 
0 0 0 0 
0 0 1 
1 1 
1 
1 0 0 1 0 
0 0 0 1 
0 0 0 
1 0 
1 
1 0 0 1 0 
0 0 0 1 
1 0 0 
0 0 
0 
Failed
Success = 0; Fail = 149
1 1 1 1 1 
1 0 1 1 
1 1 1 
1 1 
1 
1 1 1 1 1 
1 1 1 1 
1 0 1 
1 0 
1 
1 1 1 0 1 
1 1 0 1 
1 1 1 
1 0 
1 
1 1 1 0 1 
1 0 0 1 
1 0 1 
1 1 
1 
1 0 0 1 1 
1 0 0 1 
1 0 1 
1 1 
1 
1 0 1 0 0 
1 0 0 1 
1 0 1 
1 1 
1 
1 0 1 0 1 
1 0 0 0 
1 0 0 
1 1 
1 
1 0 1 0 1 
1 0 0 0 
1 0 1 
1 0 
0 
1 0 1 0 1 
1 0 0 0 
0 0 1 
0 0 
1 
0 0 1 0 1 
0 0 0 0 
1 0 1 
0 0 
1 
Failed
Success = 0; Fail = 150
1 1 1 1 1 
1 0 1 1 
1 1 1 
1 1 
1 
1 1 1 1 1 
1 1 1 1 
1 0 1 
1 0 
1 
1 1 1 1 1 
1 1 1 0 
1 0 0 
1 1 
1 
1 1 1 0 1 
1 1 0 0 
1 1 0 
1 1 
1 
1 1 1 0 1 
1 1 0 0 
1 1 1 
1 0 
0 
1 1 1 0 1 
1 1 1 0 
1 0 1 
0 0 
0 
1 1 1 0 1 
0 1 1 0 
0 0 1 
1 0 
0 
1 1 1 0 1 
1 0 0 0 
0 0 1 
1 0 
0 
0 1 1 0 1 
0 0 0 0 
1 0 1 
1 0 
0 
0 1 1 0 1 
1 0 0 0 
0 0 1 
0 0 
0 
0 0 0 1 1 
1 0 0 0 
0 0 1 
0 0 
0 
0 0 1 0 0 
1 0 0 0 
0 0 1 
0 0 
0 
Failed
Success = 0; Fail = 151
1 1 1 1 1 
1 0 1 1 
1 1 1 
1 1 
1 
1 1 1 1 1 
1 1 1 1 
1 0 1 
1 0 
1 
1 1 1 1 1 
1 1 1 0 
1 0 0 
1 1 
1 
1 1 1 1 1 
1 0 0 1 
1 0 0 
1 1 
1 
1 1 1 1 0 
1 0 0 0 
1 0 1 
1 1 
1 
1 1 0 0 1 
1 0 0 0 
1 0 1 
1 1 
1 
1 1 0 0 1 
1 0 0 1 
1 0 0 
1 0 
1 
1 1 0 0 0 
1 0 0 0 
1 0 1 
1 0 
1 
0 0 1 0 0 
1 0 0 0 
1 0 1 
1 0 
1 
1 0 1 0 0 
0 0 0 0 
0 0 1 
1 0 
1 
1 0 1 0 0 
0 0 0 0 
1 0 1 
0 0 
0 
Failed
Success = 0; Fail = 152
1 1 1 1 1 
1 0 1 1 
1 1 1 
1 1 
1 
1 1 1 1 1 
1 1 1 1 
1 0 1 
1 0 
1 
1 1 1 1 1 
1 1 1 0 
1 0 0 
1 1 
1 
1 1 0 1 1 
1 1 0 0 
1 0 1 
1 1 
1 
1 0 0 1 1 
1 0 0 0 
1 1 1 
1 1 
1 
1 0 0 1 1 
1 1 0 0 
1 0 1 
1 0 
1 
1 0 1 1 1 
1 0 0 0 
0 0 1 
1 0 
1 
1 0 1 1 1 
1 0 0 0 
1 0 1 
0 0 
0 
1 1 0 0 1 
1 0 0 0 
1 0 1 
0 0 
0 
0 0 1 0 1 
1 0 0 0 
1 0 1 
0 0 
0 
0 0 1 0 1 
0 0 0 0 
0 0 1 
1 0 
0 
Failed
Success = 0; Fail = 153
1 1 1 1 1 
1 0 1 1 
1 1 1 
1 1 
1 
1 1 1 1 1 
1 1 1 1 
1 0 1 
1 0 
1 
1 0 1 1 1 
1 0 1 1 
1 1 1 
1 0 
1 
1 0 1 1 1 
1 0 1 0 
1 1 0 
1 1 
1 
1 0 0 1 1 
1 0 0 0 
1 1 1 
1 1 
1 
1 0 0 1 1 
1 0 0 1 
1 1 0 
1 0 
1 
1 0 0 1 1 
1 0 0 1 
0 0 1 
1 0 
1 
1 0 0 1 1 
1 0 0 1 
1 0 1 
0 0 
0 
1 0 0 1 1 
1 0 0 0 
1 0 0 
0 1 
0 
1 0 1 0 0 
1 0 0 0 
1 0 0 
0 1 
0 
1 0 1 0 0 
0 0 0 0 
0 0 0 
1 1 
0 
Failed
Success = 0; Fail = 154
1 1 1 1 1 
1 0 1 1 
1 1 1 
1 1 
1 
1 1 1 1 1 
1 1 1 1 
1 0 1 
1 0 
1 
1 1 1 1 1 
1 1 1 0 
1 0 0 
1 1 
1 
1 0 1 1 1 
1 0 1 0 
1 1 0 
1 1 
1 
1 0 1 1 1 
1 0 1 0 
0 0 1 
1 1 
1 
1 1 0 0 1 
1 0 1 0 
0 0 1 
1 1 
1 
0 1 0 0 1 
0 0 1 0 
1 0 1 
1 1 
1 
0 1 0 0 1 
0 0 1 1 
1 0 0 
1 0 
1 
0 1 0 0 0 
0 0 1 0 
1 0 1 
1 0 
1 
0 1 1 0 0 
0 0 0 0 
1 0 0 
1 0 
1 
0 1 1 0 0 
1 0 0 0 
0 0 0 
0 0 
1 
1 0 0 0 0 
1 0 0 0 
0 0 0 
0 0 
1 
0 0 0 0 0 
0 0 0 0 
1 0 0 
0 0 
1 
Failed
Success = 0; Fail = 155
1 1 1 1 1 
1 0 1 1 
1 1 1 
1 1 
1 
1 1 1 1 1 
1 1 0 0 
1 1 1 
1 1 
1 
1 1 1 1 1 
0 0 1 0 
1 1 1 
1 1 
1 
1 1 1 1 1 
0 0 1 1 
1 1 0 
1 0 
1 
1 1 1 1 1 
0 1 0 0 
1 1 0 
1 0 
1 
1 1 1 1 1 
0 1 1 0 
1 0 0 
0 0 
1 
1 1 1 1 1 
1 0 0 0 
1 0 0 
0 0 
1 
1 1 1 1 1 
0 0 0 0 
0 0 0 
1 0 
1 
1 1 1 1 1 
0 0 0 0 
1 0 0 
0 0 
0 
Failed
Success = 0; Fail = 156
1 1 1 1 1 
1 0 1 1 
1 1 1 
1 1 
1 
1 1 1 1 1 
1 1 1 1 
1 0 1 
1 0 
1 
1 0 1 1 1 
1 0 1 1 
1 1 1 
1 0 
1 
1 0 1 1 1 
1 1 0 0 
1 1 1 
1 0 
1 
1 0 1 1 1 
1 0 0 0 
1 0 1 
1 1 
1 
1 1 0 0 1 
1 0 0 0 
1 0 1 
1 1 
1 
0 0 1 0 1 
1 0 0 0 
1 0 1 
1 1 
1 
0 0 1 0 1 
1 0 0 1 
1 0 0 
1 0 
1 
1 0 1 0 1 
0 0 0 1 
0 0 0 
1 0 
1 
1 0 1 0 1 
0 0 0 1 
1 0 0 
0 0 
0 
1 0 1 0 0 
0 0 0 0 
1 0 1 
0 0 
0 
Failed
Success = 0; Fail = 157
1 1 1 1 1 
1 0 1 1 
1 1 1 
1 1 
1 
1 1 1 1 1 
1 1 0 0 
1 1 1 
1 1 
1 
1 1 1 1 1 
1 1 1 0 
1 0 1 
0 1 
1 
1 1 1 1 1 
0 1 1 0 
0 0 1 
1 1 
1 
1 1 1 1 1 
1 0 0 0 
0 0 1 
1 1 
1 
1 1 1 1 1 
1 0 0 0 
1 0 1 
0 1 
0 
1 1 1 1 1 
1 0 0 0 
1 0 0 
0 0 
1 
1 1 1 1 1 
0 0 0 0 
0 0 0 
1 0 
1 
1 1 1 1 1 
0 0 0 0 
1 0 0 
0 0 
0 
Failed
Success = 0; Fail = 158
1 1 1 1 1 
1 0 1 1 
1 1 1 
1 1 
1 
1 1 1 1 1 
1 1 1 1 
1 0 1 
1 0 
1 
1 1 1 1 1 
1 1 1 0 
1 0 0 
1 1 
1 
1 0 1 1 1 
1 0 1 0 
1 1 0 
1 1 
1 
1 1 0 0 1 
1 0 1 0 
1 1 0 
1 1 
1 
1 1 0 0 1 
1 0 1 0 
1 1 1 
1 0 
0 
0 0 1 0 1 
1 0 1 0 
1 1 1 
1 0 
0 
1 0 1 0 1 
0 0 1 0 
0 1 1 
1 0 
0 
1 0 1 1 1 
0 0 0 0 
0 0 1 
1 0 
0 
1 1 0 0 1 
0 0 0 0 
0 0 1 
1 0 
0 
0 0 1 0 1 
0 0 0 0 
0 0 1 
1 0 
0 
Failed
Success = 0; Fail = 159
1 1 1 1 1 
1 0 1 1 
1 1 1 
1 1 
1 
1 1 1 1 1 
1 1 0 0 
1 1 1 
1 1 
1 
1 1 1 1 1 
1 1 1 0 
1 0 1 
0 1 
1 
1 0 1 1 1 
1 0 1 0 
1 1 1 
0 1 
1 
1 0 1 1 1 
1 0 1 1 
1 1 0 
0 0 
1 
1 0 1 1 1 
1 0 0 1 
1 0 0 
1 0 
1 
1 0 1 1 0 
1 0 0 0 
1 0 1 
1 0 
1 
1 0 0 0 1 
1 0 0 0 
1 0 1 
1 0 
1 
Failed
Success = 0; Fail = 160
1 1 1 1 1 
1 0 1 1 
1 1 1 
1 1 
1 
1 1 1 1 1 
1 1 1 1 
1 0 1 
1 0 
1 
1 1 1 1 1 
1 1 1 0 
1 0 0 
1 1 
1 
1 0 1 1 1 
1 0 1 0 
1 1 0 
1 1 
1 
1 1 0 0 1 
1 0 1 0 
1 1 0 
1 1 
1 
1 1 0 0 1 
1 0 1 0 
1 1 1 
1 0 
0 
1 1 1 0 1 
1 0 0 0 
1 1 0 
1 0 
0 
1 1 1 0 1 
1 0 0 0 
0 1 0 
0 0 
1 
1 0 0 1 1 
1 0 0 0 
0 1 0 
0 0 
1 
1 0 1 0 0 
1 0 0 0 
0 1 0 
0 0 
1 
0 0 1 0 0 
0 0 0 0 
1 1 0 
0 0 
1 
0 0 1 0 0 
0 0 0 0 
0 0 1 
0 0 
1 
Failed
Success = 0; Fail = 161
1 1 1 1 1 
1 0 1 1 
1 1 1 
1 1 
1 
1 1 1 1 1 
1 1 1 1 
1 0 1 
1 0 
1 
1 1 1 0 1 
1 1 0 1 
1 1 1 
1 0 
1 
1 1 1 0 1 
1 1 1 1 
1 0 1 
0 0 
1 
1 0 0 1 1 
1 1 1 1 
1 0 1 
0 0 
1 
1 0 0 1 1 
1 1 1 0 
1 0 0 
0 1 
1 
1 0 0 1 1 
0 1 1 0 
0 0 0 
1 1 
1 
1 0 0 1 1 
0 0 0 1 
0 0 0 
1 1 
1 
1 0 1 0 0 
0 0 0 1 
0 0 0 
1 1 
1 
1 0 1 0 0 
0 0 0 1 
0 0 1 
1 0 
0 
1 0 1 0 0 
0 0 0 0 
0 0 0 
1 1 
0 
Failed
Success = 0; Fail = 162
1 1 1 1 1 
1 0 1 1 
1 1 1 
1 1 
1 
1 1 1 1 1 
1 1 1 1 
1 0 1 
1 0 
1 
1 1 1 1 1 
1 1 1 0 
1 0 0 
1 1 
1 
1 1 1 1 1 
1 0 0 1 
1 0 0 
1 1 
1 
1 1 1 1 0 
1 0 0 0 
1 0 1 
1 1 
1 
1 1 1 1 0 
1 0 0 1 
1 0 0 
1 0 
1 
1 1 0 0 1 
1 0 0 1 
1 0 0 
1 0 
1 
1 1 0 0 0 
1 0 0 0 
1 0 1 
1 0 
1 
0 0 1 0 0 
1 0 0 0 
1 0 1 
1 0 
1 
1 0 1 0 0 
0 0 0 0 
0 0 1 
1 0 
1 
1 0 1 0 0 
0 0 0 0 
1 0 1 
0 0 
0 
Failed
Success = 0; Fail = 163
1 1 1 1 1 
1 0 1 1 
1 1 1 
1 1 
1 
1 1 1 1 1 
1 1 0 0 
1 1 1 
1 1 
1 
1 1 1 1 1 
1 1 0 1 
1 1 0 
1 0 
1 
1 1 1 1 1 
0 0 1 1 
1 1 0 
1 0 
1 
1 1 1 1 1 
0 1 0 0 
1 1 0 
1 0 
1 
1 1 1 1 1 
0 1 1 0 
1 0 0 
0 0 
1 
1 1 1 0 1 
0 1 0 0 
1 1 0 
0 0 
1 
1 1 1 0 1 
0 1 0 0 
0 0 1 
0 0 
1 
1 0 0 1 1 
0 1 0 0 
0 0 1 
0 0 
1 
1 0 1 0 0 
0 1 0 0 
0 0 1 
0 0 
1 
1 0 0 0 0 
0 0 0 0 
1 0 1 
0 0 
1 
Failed
Success = 0; Fail = 164
1 1 1 1 1 
1 0 1 1 
1 1 1 
1 1 
1 
1 1 1 1 1 
1 1 1 1 
1 0 1 
1 0 
1 
1 1 1 0 1 
1 1 0 1 
1 1 1 
1 0 
1 
1 1 1 0 1 
0 0 1 1 
1 1 1 
1 0 
1 
1 0 0 1 1 
0 0 1 1 
1 1 1 
1 0 
1 
1 0 0 1 1 
1 0 1 1 
0 1 1 
0 0 
1 
1 0 0 1 1 
1 0 1 1 
1 0 0 
0 0 
1 
1 0 0 1 1 
1 1 0 0 
1 0 0 
0 0 
1 
1 0 1 0 0 
1 1 0 0 
1 0 0 
0 0 
1 
1 0 1 0 0 
0 0 1 0 
1 0 0 
0 0 
1 
1 0 0 0 0 
0 0 0 0 
1 0 1 
0 0 
1 
Failed
Success = 0; Fail = 165
1 1 1 1 1 
1 0 1 1 
1 1 1 
1 1 
1 
1 1 1 1 1 
1 1 1 1 
1 0 1 
1 0 
1 
1 1 1 1 1 
1 1 1 0 
1 0 0 
1 1 
1 
1 1 1 1 1 
1 0 0 1 
1 0 0 
1 1 
1 
1 1 1 1 0 
1 0 0 0 
1 0 1 
1 1 
1 
1 1 1 1 0 
1 0 0 1 
1 0 0 
1 0 
1 
1 1 0 0 1 
1 0 0 1 
1 0 0 
1 0 
1 
1 1 0 0 0 
1 0 0 0 
1 0 1 
1 0 
1 
0 0 1 0 0 
1 0 0 0 
1 0 1 
1 0 
1 
1 0 1 0 0 
0 0 0 0 
0 0 1 
1 0 
1 
1 0 1 0 0 
0 0 0 0 
1 0 1 
0 0 
0 
Failed
Success = 0; Fail = 166
1 1 1 1 1 
1 0 1 1 
1 1 1 
1 1 
1 
1 1 1 1 1 
1 1 0 0 
1 1 1 
1 1 
1 
1 1 1 1 1 
1 1 1 0 
1 0 1 
0 1 
1 
1 1 1 0 1 
1 1 0 0 
1 1 1 
0 1 
1 
1 1 1 0 1 
0 1 0 0 
0 1 1 
1 1 
1 
1 1 1 0 1 
0 1 0 1 
0 1 0 
1 0 
1 
1 0 0 1 1 
0 1 0 1 
0 1 0 
1 0 
1 
1 0 0 1 1 
0 1 0 1 
1 1 0 
0 0 
0 
1 0 1 1 1 
0 0 0 1 
0 1 0 
0 0 
0 
1 0 1 1 0 
0 0 0 0 
0 1 1 
0 0 
0 
1 1 0 0 0 
0 0 0 0 
0 1 1 
0 0 
0 
1 1 0 0 0 
0 0 0 0 
1 0 0 
0 0 
0 
0 0 1 0 0 
0 0 0 0 
1 0 0 
0 0 
0 
Failed
Success = 0; Fail = 167
1 1 1 1 1 
1 0 1 1 
1 1 1 
1 1 
1 
1 1 1 1 1 
1 1 1 1 
1 0 1 
1 0 
1 
1 1 1 0 1 
1 1 0 1 
1 1 1 
1 0 
1 
1 1 1 0 1 
1 1 0 0 
1 1 0 
1 1 
1 
1 1 1 0 1 
1 1 0 0 
1 1 1 
1 0 
0 
1 1 1 0 1 
1 0 0 0 
1 0 1 
1 1 
0 
1 1 1 0 1 
1 0 0 0 
1 0 0 
1 0 
1 
1 0 0 1 1 
1 0 0 0 
1 0 0 
1 0 
1 
1 0 1 0 0 
1 0 0 0 
1 0 0 
1 0 
1 
Failed
Success = 0; Fail = 168
1 1 1 1 1 
1 0 1 1 
1 1 1 
1 1 
1 
1 1 1 1 1 
1 1 1 1 
1 0 1 
1 0 
1 
1 1 1 1 1 
1 1 1 0 
1 0 0 
1 1 
1 
1 1 1 1 1 
1 1 1 0 
1 0 1 
1 0 
0 
1 0 1 1 1 
1 0 1 0 
1 1 1 
1 0 
0 
1 1 0 0 1 
1 0 1 0 
1 1 1 
1 0 
0 
0 0 1 0 1 
1 0 1 0 
1 1 1 
1 0 
0 
1 0 1 0 1 
0 0 1 0 
0 1 1 
1 0 
0 
1 0 1 1 1 
0 0 0 0 
0 0 1 
1 0 
0 
1 1 0 0 1 
0 0 0 0 
0 0 1 
1 0 
0 
0 0 1 0 1 
0 0 0 0 
0 0 1 
1 0 
0 
Failed
Success = 0; Fail = 169
1 1 1 1 1 
1 0 1 1 
1 1 1 
1 1 
1 
1 1 1 1 1 
1 1 1 1 
1 0 1 
1 0 
1 
1 1 1 1 1 
1 1 1 0 
1 0 0 
1 1 
1 
1 0 1 1 1 
1 0 1 0 
1 1 0 
1 1 
1 
1 0 1 1 1 
1 0 1 0 
0 0 1 
1 1 
1 
1 1 0 0 1 
1 0 1 0 
0 0 1 
1 1 
1 
1 1 0 0 1 
1 0 1 1 
0 0 0 
1 0 
1 
1 1 0 0 1 
1 1 0 0 
0 0 0 
1 0 
1 
0 1 0 0 1 
0 1 0 0 
1 0 0 
1 0 
1 
0 1 0 0 1 
1 1 0 0 
0 0 0 
0 0 
1 
0 1 0 0 1 
0 0 1 0 
0 0 0 
0 0 
1 
Failed
Success = 0; Fail = 170
1 1 1 1 1 
1 0 1 1 
1 1 1 
1 1 
1 
1 1 1 1 1 
1 1 0 0 
1 1 1 
1 1 
1 
1 1 1 1 1 
1 1 1 0 
1 0 1 
0 1 
1 
1 1 1 0 1 
1 1 0 0 
1 1 1 
0 1 
1 
1 1 1 0 1 
1 1 0 1 
1 1 0 
0 0 
1 
1 1 1 0 1 
1 1 0 1 
0 0 1 
0 0 
1 
1 0 0 1 1 
1 1 0 1 
0 0 1 
0 0 
1 
1 0 1 0 0 
1 1 0 1 
0 0 1 
0 0 
1 
0 0 1 0 0 
0 1 0 1 
1 0 1 
0 0 
1 
0 0 1 0 1 
0 1 0 0 
1 0 0 
0 0 
1 
Failed
Success = 0; Fail = 171
1 1 1 1 1 
1 0 1 1 
1 1 1 
1 1 
1 
1 1 1 1 1 
1 1 1 1 
1 0 1 
1 0 
1 
1 1 1 0 1 
1 1 0 1 
1 1 1 
1 0 
1 
1 1 1 0 1 
1 1 1 1 
1 0 1 
0 0 
1 
1 1 1 0 1 
1 1 1 0 
1 0 0 
0 1 
1 
1 1 1 0 1 
0 1 1 0 
0 0 0 
1 1 
1 
1 1 1 0 1 
0 0 0 1 
0 0 0 
1 1 
1 
1 1 1 0 0 
0 0 0 0 
0 0 1 
1 1 
1 
1 0 0 1 0 
0 0 0 0 
0 0 1 
1 1 
1 
1 0 0 1 0 
0 0 0 0 
1 0 1 
0 1 
0 
1 0 0 1 0 
0 0 0 0 
1 0 0 
0 0 
1 
Failed
Success = 0; Fail = 172
1 1 1 1 1 
1 0 1 1 
1 1 1 
1 1 
1 
1 1 1 1 1 
1 1 1 1 
1 0 1 
1 0 
1 
1 1 1 1 1 
1 1 1 0 
1 0 0 
1 1 
1 
1 1 1 1 1 
1 0 0 1 
1 0 0 
1 1 
1 
1 1 1 1 1 
1 0 0 1 
1 0 1 
1 0 
0 
1 1 1 1 1 
1 0 0 1 
0 0 1 
0 0 
1 
1 1 1 1 1 
1 0 0 0 
0 0 0 
0 1 
1 
1 1 1 1 1 
1 0 0 0 
0 0 1 
0 0 
0 
0 1 1 1 1 
0 0 0 0 
1 0 1 
0 0 
0 
1 0 0 1 1 
0 0 0 0 
1 0 1 
0 0 
0 
1 0 1 0 0 
0 0 0 0 
1 0 1 
0 0 
0 
Failed
Success = 0; Fail = 173
1 1 1 1 1 
1 0 1 1 
1 1 1 
1 1 
1 
1 1 1 1 1 
1 1 0 0 
1 1 1 
1 1 
1 
1 1 1 1 1 
0 0 1 0 
1 1 1 
1 1 
1 
1 1 1 1 1 
0 0 1 1 
1 1 0 
1 0 
1 
1 1 0 1 1 
0 0 0 1 
1 1 1 
1 0 
1 
1 1 0 1 1 
1 0 0 1 
0 1 1 
0 0 
1 
0 1 0 1 1 
0 0 0 1 
1 1 1 
0 0 
1 
0 1 1 0 0 
0 0 0 1 
1 1 1 
0 0 
1 
1 0 0 0 0 
0 0 0 1 
1 1 1 
0 0 
1 
1 0 0 0 1 
0 0 0 0 
1 1 0 
0 0 
1 
1 0 0 0 1 
0 0 0 0 
0 0 1 
0 0 
1 
Failed
Success = 0; Fail = 174
1 1 1 1 1 
1 0 1 1 
1 1 1 
1 1 
1 
1 1 1 1 1 
1 1 0 0 
1 1 1 
1 1 
1 
1 1 1 1 1 
1 1 1 0 
1 0 1 
0 1 
1 
1 1 1 1 1 
1 0 0 1 
1 0 1 
0 1 
1 
1 1 1 1 1 
0 0 0 1 
0 0 1 
1 1 
1 
1 1 1 1 1 
0 0 0 1 
1 0 1 
0 1 
0 
1 1 1 1 1 
0 0 0 1 
1 0 0 
0 0 
1 
1 1 1 1 0 
0 0 0 0 
1 0 1 
0 0 
1 
1 1 0 0 1 
0 0 0 0 
1 0 1 
0 0 
1 
0 0 1 0 1 
0 0 0 0 
1 0 1 
0 0 
1 
Failed
Success = 0; Fail = 175
1 1 1 1 1 
1 0 1 1 
1 1 1 
1 1 
1 
1 1 1 1 1 
1 1 0 0 
1 1 1 
1 1 
1 
1 1 1 1 1 
0 0 1 0 
1 1 1 
1 1 
1 
1 1 1 1 1 
0 0 1 1 
1 1 0 
1 0 
1 
1 1 1 1 1 
1 0 1 1 
0 1 0 
0 0 
1 
1 1 1 1 1 
1 1 0 0 
0 1 0 
0 0 
1 
1 1 1 1 1 
1 0 0 0 
0 0 0 
0 1 
1 
1 1 1 1 1 
1 0 0 0 
0 0 1 
0 0 
0 
0 1 1 1 1 
0 0 0 0 
1 0 1 
0 0 
0 
1 0 0 1 1 
0 0 0 0 
1 0 1 
0 0 
0 
1 0 1 0 0 
0 0 0 0 
1 0 1 
0 0 
0 
Failed
Success = 0; Fail = 176
1 1 1 1 1 
1 0 1 1 
1 1 1 
1 1 
1 
1 1 1 1 1 
1 1 0 0 
1 1 1 
1 1 
1 
1 1 1 1 1 
0 0 1 0 
1 1 1 
1 1 
1 
1 1 1 1 1 
0 1 1 0 
1 0 1 
1 0 
1 
1 0 1 1 1 
0 0 1 0 
1 1 1 
1 0 
1 
1 0 1 1 1 
1 0 1 0 
0 1 1 
0 0 
1 
1 1 0 0 1 
1 0 1 0 
0 1 1 
0 0 
1 
0 1 0 0 1 
0 0 1 0 
1 1 1 
0 0 
1 
0 1 1 0 1 
0 0 0 0 
1 1 0 
0 0 
1 
0 1 1 0 1 
0 0 0 0 
0 0 1 
0 0 
1 
1 0 0 0 1 
0 0 0 0 
0 0 1 
0 0 
1 
Failed
Success = 0; Fail = 177
1 1 1 1 1 
1 0 1 1 
1 1 1 
1 1 
1 
1 1 1 1 1 
1 1 0 0 
1 1 1 
1 1 
1 
1 1 1 1 1 
0 0 1 0 
1 1 1 
1 1 
1 
1 1 1 1 1 
1 0 1 0 
0 1 1 
0 1 
1 
0 1 1 1 1 
0 0 1 0 
1 1 1 
0 1 
1 
0 1 1 1 1 
0 0 1 1 
1 1 0 
0 0 
1 
1 0 0 1 1 
0 0 1 1 
1 1 0 
0 0 
1 
1 0 0 1 1 
0 1 0 0 
1 1 0 
0 0 
1 
1 0 1 0 0 
0 1 0 0 
1 1 0 
0 0 
1 
1 0 1 0 0 
0 0 0 0 
1 0 0 
0 1 
1 
1 0 1 0 0 
0 0 0 0 
1 0 1 
0 0 
0 
Failed
Success = 0; Fail = 178
1 1 1 1 1 
1 0 1 1 
1 1 1 
1 1 
1 
1 1 1 1 1 
1 1 1 1 
1 0 1 
1 0 
1 
1 0 1 1 1 
1 0 1 1 
1 1 1 
1 0 
1 
1 1 0 0 1 
1 0 1 1 
1 1 1 
1 0 
1 
1 1 0 1 1 
1 0 0 1 
1 0 1 
1 0 
1 
1 1 1 0 0 
1 0 0 1 
1 0 1 
1 0 
1 
1 1 1 0 0 
1 0 0 0 
1 0 0 
1 1 
1 
1 0 0 1 0 
1 0 0 0 
1 0 0 
1 1 
1 
1 0 0 1 0 
1 0 0 0 
1 0 1 
1 0 
0 
1 0 0 1 0 
1 0 0 0 
0 0 1 
0 0 
1 
0 0 0 1 0 
0 0 0 0 
1 0 1 
0 0 
1 
Failed
Success = 0; Fail = 179
1 1 1 1 1 
1 0 1 1 
1 1 1 
1 1 
1 
1 1 1 1 1 
1 1 1 1 
1 0 1 
1 0 
1 
1 1 1 0 1 
1 1 0 1 
1 1 1 
1 0 
1 
1 1 1 0 1 
1 1 1 1 
1 0 1 
0 0 
1 
1 0 0 1 1 
1 1 1 1 
1 0 1 
0 0 
1 
1 0 0 1 1 
1 1 1 0 
1 0 0 
0 1 
1 
1 0 1 0 0 
1 1 1 0 
1 0 0 
0 1 
1 
1 0 1 0 0 
1 0 0 1 
1 0 0 
0 1 
1 
1 0 1 0 0 
0 0 0 1 
0 0 0 
1 1 
1 
1 0 1 0 0 
0 0 0 1 
0 0 1 
1 0 
0 
1 0 1 0 0 
0 0 0 0 
0 0 0 
1 1 
0 
Failed
Success = 0; Fail = 180
1 1 1 1 1 
1 0 1 1 
1 1 1 
1 1 
1 
1 1 1 1 1 
1 1 0 0 
1 1 1 
1 1 
1 
1 1 1 1 1 
1 1 0 1 
1 1 0 
1 0 
1 
1 1 1 1 0 
1 1 0 0 
1 1 1 
1 0 
1 
1 1 1 1 0 
1 0 0 0 
1 0 1 
1 1 
1 
1 1 1 1 0 
1 0 0 1 
1 0 0 
1 0 
1 
1 1 0 0 1 
1 0 0 1 
1 0 0 
1 0 
1 
1 1 0 0 0 
1 0 0 0 
1 0 1 
1 0 
1 
0 0 1 0 0 
1 0 0 0 
1 0 1 
1 0 
1 
1 0 1 0 0 
0 0 0 0 
0 0 1 
1 0 
1 
1 0 1 0 0 
0 0 0 0 
1 0 1 
0 0 
0 
Failed
Success = 0; Fail = 181
1 1 1 1 1 
1 0 1 1 
1 1 1 
1 1 
1 
1 1 1 1 1 
1 1 0 0 
1 1 1 
1 1 
1 
1 1 1 1 1 
0 0 1 0 
1 1 1 
1 1 
1 
1 1 1 1 1 
0 0 1 1 
1 1 0 
1 0 
1 
1 1 1 1 1 
0 0 1 1 
0 0 1 
1 0 
1 
1 1 1 1 1 
0 0 1 0 
0 0 0 
1 1 
1 
1 1 1 1 1 
0 0 1 0 
1 0 0 
0 1 
0 
1 1 1 0 1 
0 0 0 0 
1 1 0 
0 1 
0 
1 1 1 0 1 
0 0 0 0 
0 0 1 
0 1 
0 
1 0 0 1 1 
0 0 0 0 
0 0 1 
0 1 
0 
1 0 1 0 0 
0 0 0 0 
0 0 1 
0 1 
0 
1 0 1 0 0 
0 0 0 1 
0 0 0 
0 0 
0 
Failed
Success = 0; Fail = 182
1 1 1 1 1 
1 0 1 1 
1 1 1 
1 1 
1 
1 1 1 1 1 
1 1 0 0 
1 1 1 
1 1 
1 
1 1 1 1 1 
0 0 1 0 
1 1 1 
1 1 
1 
1 1 1 1 1 
0 1 1 0 
1 0 1 
1 0 
1 
1 1 1 1 1 
1 0 0 0 
1 0 1 
1 0 
1 
Failed
Success = 0; Fail = 183
1 1 1 1 1 
1 0 1 1 
1 1 1 
1 1 
1 
1 1 1 1 1 
1 1 1 1 
1 0 1 
1 0 
1 
1 1 1 1 1 
1 1 1 0 
1 0 0 
1 1 
1 
1 0 1 1 1 
1 0 1 0 
1 1 0 
1 1 
1 
1 0 0 1 1 
1 0 0 0 
1 1 1 
1 1 
1 
1 0 0 1 1 
1 0 0 1 
1 1 0 
1 0 
1 
1 0 0 1 1 
1 0 1 1 
1 0 0 
0 0 
1 
1 0 0 1 1 
1 1 0 0 
1 0 0 
0 0 
1 
1 0 0 1 1 
0 0 1 0 
1 0 0 
0 0 
1 
1 0 1 0 0 
0 0 1 0 
1 0 0 
0 0 
1 
1 0 0 0 0 
0 0 0 0 
1 0 1 
0 0 
1 
Failed
Success = 0; Fail = 184
1 1 1 1 1 
1 0 1 1 
1 1 1 
1 1 
1 
1 1 1 1 1 
1 1 0 0 
1 1 1 
1 1 
1 
1 1 1 1 1 
0 0 1 0 
1 1 1 
1 1 
1 
1 1 1 1 1 
1 0 1 0 
0 1 1 
0 1 
1 
0 1 1 1 1 
0 0 1 0 
1 1 1 
0 1 
1 
0 1 1 1 1 
0 0 0 0 
1 0 1 
1 1 
1 
1 0 0 1 1 
0 0 0 0 
1 0 1 
1 1 
1 
1 0 1 0 0 
0 0 0 0 
1 0 1 
1 1 
1 
1 0 1 0 0 
1 0 0 0 
0 0 1 
0 1 
1 
1 0 1 0 0 
1 0 0 1 
0 0 0 
0 0 
1 
0 0 1 0 0 
0 0 0 1 
1 0 0 
0 0 
1 
Failed
Success = 0; Fail = 185
1 1 1 1 1 
1 0 1 1 
1 1 1 
1 1 
1 
1 1 1 1 1 
1 1 1 1 
1 0 1 
1 0 
1 
1 1 1 1 1 
1 1 1 0 
1 0 0 
1 1 
1 
1 0 1 1 1 
1 0 1 0 
1 1 0 
1 1 
1 
1 0 1 1 1 
1 0 1 0 
0 0 1 
1 1 
1 
0 0 1 1 1 
0 0 1 0 
1 0 1 
1 1 
1 
0 0 1 1 1 
0 0 1 1 
1 0 0 
1 0 
1 
0 0 0 1 1 
0 0 0 1 
1 0 1 
1 0 
1 
0 0 0 1 1 
0 0 0 0 
1 0 0 
1 1 
1 
0 0 0 1 1 
0 0 0 0 
1 0 1 
1 0 
0 
0 0 1 0 0 
0 0 0 0 
1 0 1 
1 0 
0 
0 0 1 0 0 
1 0 0 0 
0 0 1 
0 0 
0 
Failed
Success = 0; Fail = 186
1 1 1 1 1 
1 0 1 1 
1 1 1 
1 1 
1 
1 1 1 1 1 
1 1 0 0 
1 1 1 
1 1 
1 
1 1 1 1 1 
0 0 1 0 
1 1 1 
1 1 
1 
1 1 1 1 1 
1 0 1 0 
0 1 1 
0 1 
1 
1 1 1 1 1 
1 1 1 0 
0 0 1 
0 0 
1 
1 1 1 0 1 
1 1 0 0 
0 1 1 
0 0 
1 
1 0 0 1 1 
1 1 0 0 
0 1 1 
0 0 
1 
0 0 0 1 1 
0 1 0 0 
1 1 1 
0 0 
1 
0 0 1 1 1 
0 0 0 0 
0 1 1 
0 0 
1 
0 1 0 0 1 
0 0 0 0 
0 1 1 
0 0 
1 
0 1 0 0 1 
0 0 0 0 
1 0 0 
0 0 
1 
Failed
Success = 0; Fail = 187
1 1 1 1 1 
1 0 1 1 
1 1 1 
1 1 
1 
1 1 1 1 1 
1 1 0 0 
1 1 1 
1 1 
1 
1 1 1 1 1 
1 1 1 0 
1 0 1 
0 1 
1 
1 1 1 1 1 
1 1 1 1 
1 0 0 
0 0 
1 
1 1 1 1 0 
1 1 1 0 
1 0 1 
0 0 
1 
1 1 1 1 0 
1 0 0 1 
1 0 1 
0 0 
1 
1 1 0 0 1 
1 0 0 1 
1 0 1 
0 0 
1 
0 0 1 0 1 
1 0 0 1 
1 0 1 
0 0 
1 
0 0 1 0 1 
0 0 0 1 
0 0 1 
1 0 
1 
0 0 1 0 1 
0 0 0 1 
1 0 1 
0 0 
0 
0 0 1 0 1 
0 0 0 0 
1 0 0 
0 1 
0 
Failed
Success = 0; Fail = 188
1 1 1 1 1 
1 0 1 1 
1 1 1 
1 1 
1 
1 1 1 1 1 
1 1 0 0 
1 1 1 
1 1 
1 
1 1 1 1 1 
1 1 0 1 
1 1 0 
1 0 
1 
1 1 1 1 1 
1 1 0 1 
0 0 1 
1 0 
1 
1 1 0 1 1 
1 0 0 1 
1 0 1 
1 0 
1 
1 1 0 1 1 
1 0 0 0 
1 0 0 
1 1 
1 
1 1 0 1 1 
1 0 0 0 
1 0 1 
1 0 
0 
1 1 1 0 0 
1 0 0 0 
1 0 1 
1 0 
0 
1 1 1 0 0 
1 0 0 0 
0 0 1 
0 0 
1 
1 0 0 1 0 
1 0 0 0 
0 0 1 
0 0 
1 
0 0 0 1 0 
0 0 0 0 
1 0 1 
0 0 
1 
Failed
Success = 0; Fail = 189
1 1 1 1 1 
1 0 1 1 
1 1 1 
1 1 
1 
1 1 1 1 1 
1 1 0 0 
1 1 1 
1 1 
1 
1 1 1 1 1 
0 0 1 0 
1 1 1 
1 1 
1 
1 1 1 1 1 
0 1 1 0 
1 0 1 
1 0 
1 
1 1 1 0 1 
0 1 0 0 
1 1 1 
1 0 
1 
1 1 1 0 1 
1 1 0 0 
0 1 1 
0 0 
1 
1 0 0 1 1 
1 1 0 0 
0 1 1 
0 0 
1 
0 0 0 1 1 
0 1 0 0 
1 1 1 
0 0 
1 
0 0 0 1 1 
0 0 0 0 
1 0 1 
0 1 
1 
0 0 0 1 1 
0 0 0 1 
1 0 0 
0 0 
1 
0 0 0 1 0 
0 0 0 0 
1 0 1 
0 0 
1 
Failed
Success = 0; Fail = 190
1 1 1 1 1 
1 0 1 1 
1 1 1 
1 1 
1 
1 1 1 1 1 
1 1 1 1 
1 0 1 
1 0 
1 
1 1 1 1 1 
1 1 1 0 
1 0 0 
1 1 
1 
1 1 1 1 1 
1 1 1 0 
1 0 1 
1 0 
0 
1 1 1 0 1 
1 1 0 0 
1 1 1 
1 0 
0 
1 1 1 0 1 
0 0 1 0 
1 1 1 
1 0 
0 
1 0 0 1 1 
0 0 1 0 
1 1 1 
1 0 
0 
1 0 1 1 1 
0 0 0 0 
1 1 0 
1 0 
0 
1 0 1 1 1 
0 0 1 0 
1 0 0 
0 0 
0 
1 1 0 0 1 
0 0 1 0 
1 0 0 
0 0 
0 
0 0 1 0 1 
0 0 1 0 
1 0 0 
0 0 
0 
0 0 0 0 1 
0 0 0 0 
1 0 1 
0 0 
0 
Failed
Success = 0; Fail = 191
1 1 1 1 1 
1 0 1 1 
1 1 1 
1 1 
1 
1 1 1 1 1 
1 1 1 1 
1 0 1 
1 0 
1 
1 1 1 1 1 
1 1 1 0 
1 0 0 
1 1 
1 
1 1 1 0 1 
1 1 0 0 
1 1 0 
1 1 
1 
1 1 1 0 1 
1 1 0 0 
1 1 1 
1 0 
0 
1 0 0 1 1 
1 1 0 0 
1 1 1 
1 0 
0 
1 1 0 1 1 
1 0 0 0 
1 0 1 
1 0 
0 
1 1 0 1 1 
1 0 0 0 
0 0 1 
0 0 
1 
0 0 1 1 1 
1 0 0 0 
0 0 1 
0 0 
1 
0 1 0 0 1 
1 0 0 0 
0 0 1 
0 0 
1 
Failed
Success = 0; Fail = 192
1 1 1 1 1 
1 0 1 1 
1 1 1 
1 1 
1 
1 1 1 1 1 
1 1 1 1 
1 0 1 
1 0 
1 
1 1 1 0 1 
1 1 0 1 
1 1 1 
1 0 
1 
1 1 1 0 1 
1 0 0 1 
1 0 1 
1 1 
1 
1 0 0 1 1 
1 0 0 1 
1 0 1 
1 1 
1 
1 0 1 0 0 
1 0 0 1 
1 0 1 
1 1 
1 
1 0 1 0 1 
1 0 0 0 
1 0 0 
1 1 
1 
1 0 1 0 1 
1 0 0 0 
1 0 1 
1 0 
0 
1 0 1 0 1 
1 0 0 0 
0 0 1 
0 0 
1 
0 0 1 0 1 
0 0 0 0 
1 0 1 
0 0 
1 
Failed
Success = 0; Fail = 193
1 1 1 1 1 
1 0 1 1 
1 1 1 
1 1 
1 
1 1 1 1 1 
1 1 0 0 
1 1 1 
1 1 
1 
1 1 1 1 1 
0 0 1 0 
1 1 1 
1 1 
1 
1 1 1 1 1 
0 1 1 0 
1 0 1 
1 0 
1 
1 1 1 1 1 
0 0 0 1 
1 0 1 
1 0 
1 
1 1 1 1 1 
0 0 0 0 
1 0 0 
1 1 
1 
1 1 1 1 1 
0 0 0 0 
1 0 1 
1 0 
0 
1 1 1 1 1 
0 0 0 0 
0 0 1 
0 0 
1 
Failed
Success = 0; Fail = 194
1 1 1 1 1 
1 0 1 1 
1 1 1 
1 1 
1 
1 1 1 1 1 
1 1 0 0 
1 1 1 
1 1 
1 
1 1 1 1 1 
1 1 1 0 
1 0 1 
0 1 
1 
1 1 1 1 1 
1 0 0 1 
1 0 1 
0 1 
1 
1 1 1 1 1 
0 0 0 1 
0 0 1 
1 1 
1 
1 1 1 1 1 
0 0 0 1 
1 0 1 
0 1 
0 
1 1 1 1 1 
0 0 0 1 
1 0 0 
0 0 
1 
1 1 1 1 0 
0 0 0 0 
1 0 1 
0 0 
1 
1 1 0 0 1 
0 0 0 0 
1 0 1 
0 0 
1 
0 0 1 0 1 
0 0 0 0 
1 0 1 
0 0 
1 
Failed
Success = 0; Fail = 195
1 1 1 1 1 
1 0 1 1 
1 1 1 
1 1 
1 
1 1 1 1 1 
1 1 1 1 
1 0 1 
1 0 
1 
1 1 1 0 1 
1 1 0 1 
1 1 1 
1 0 
1 
1 1 1 0 1 
1 1 1 1 
1 0 1 
0 0 
1 
1 1 1 0 1 
0 1 1 1 
0 0 1 
1 0 
1 
1 0 0 1 1 
0 1 1 1 
0 0 1 
1 0 
1 
1 0 1 1 1 
0 1 0 1 
0 0 0 
1 0 
1 
1 1 0 0 1 
0 1 0 1 
0 0 0 
1 0 
1 
1 0 0 0 1 
0 0 0 1 
0 1 0 
1 0 
1 
1 0 0 0 1 
0 0 0 1 
1 1 0 
0 0 
0 
1 0 0 0 0 
0 0 0 0 
1 1 1 
0 0 
0 
Failed
Success = 0; Fail = 196
1 1 1 1 1 
1 0 1 1 
1 1 1 
1 1 
1 
1 1 1 1 1 
1 1 0 0 
1 1 1 
1 1 
1 
1 1 1 1 1 
0 0 1 0 
1 1 1 
1 1 
1 
1 1 1 1 1 
1 0 1 0 
0 1 1 
0 1 
1 
1 1 1 1 1 
1 1 1 0 
0 0 1 
0 0 
1 
1 1 1 1 1 
1 0 0 1 
0 0 1 
0 0 
1 
0 1 1 1 1 
0 0 0 1 
1 0 1 
0 0 
1 
0 1 1 1 1 
0 0 0 0 
1 0 0 
0 1 
1 
1 0 0 1 1 
0 0 0 0 
1 0 0 
0 1 
1 
1 0 0 1 1 
0 0 0 0 
1 0 1 
0 0 
0 
1 0 1 0 0 
0 0 0 0 
1 0 1 
0 0 
0 
Failed
Success = 0; Fail = 197
1 1 1 1 1 
1 0 1 1 
1 1 1 
1 1 
1 
1 1 1 1 1 
1 1 0 0 
1 1 1 
1 1 
1 
1 1 1 1 1 
0 0 1 0 
1 1 1 
1 1 
1 
1 1 1 1 1 
0 1 1 0 
1 0 1 
1 0 
1 
1 1 1 1 1 
1 1 1 0 
0 0 1 
0 0 
1 
1 1 1 1 1 
1 0 0 1 
0 0 1 
0 0 
1 
1 1 1 1 1 
1 0 0 0 
0 0 0 
0 1 
1 
0 1 1 1 1 
0 0 0 0 
1 0 0 
0 1 
1 
0 1 1 1 1 
0 0 0 0 
1 0 1 
0 0 
0 
1 0 0 1 1 
0 0 0 0 
1 0 1 
0 0 
0 
1 0 1 0 0 
0 0 0 0 
1 0 1 
0 0 
0 
Failed
Success = 0; Fail = 198
1 1 1 1 1 
1 0 1 1 
1 1 1 
1 1 
1 
1 1 1 1 1 
1 1 0 0 
1 1 1 
1 1 
1 
1 1 1 1 1 
1 1 1 0 
1 0 1 
0 1 
1 
1 1 1 1 1 
1 0 0 1 
1 0 1 
0 1 
1 
1 1 1 1 1 
0 0 0 1 
0 0 1 
1 1 
1 
1 1 1 1 1 
0 0 0 1 
1 0 1 
0 1 
0 
1 1 1 1 1 
0 0 0 1 
1 0 0 
0 0 
1 
1 1 1 1 0 
0 0 0 0 
1 0 1 
0 0 
1 
1 1 0 0 1 
0 0 0 0 
1 0 1 
0 0 
1 
0 0 1 0 1 
0 0 0 0 
1 0 1 
0 0 
1 
Failed
Success = 0; Fail = 199
1 1 1 1 1 
1 0 1 1 
1 1 1 
1 1 
1 
1 1 1 1 1 
1 1 0 0 
1 1 1 
1 1 
1 
1 1 1 1 1 
0 0 1 0 
1 1 1 
1 1 
1 
1 1 1 1 1 
0 0 1 1 
1 1 0 
1 0 
1 
1 1 1 1 0 
0 0 1 0 
1 1 1 
1 0 
1 
1 1 1 1 0 
1 0 1 0 
0 1 1 
0 0 
1 
0 1 1 1 0 
0 0 1 0 
1 1 1 
0 0 
1 
0 1 0 0 1 
0 0 1 0 
1 1 1 
0 0 
1 
0 1 1 0 1 
0 0 0 0 
1 1 0 
0 0 
1 
1 0 0 0 1 
0 0 0 0 
1 1 0 
0 0 
1 
1 0 0 0 1 
0 0 0 0 
0 0 1 
0 0 
1 
Failed
Success = 0; Fail = 200
1 1 1 1 1 
1 0 1 1 
1 1 1 
1 1 
1 
1 1 1 1 1 
1 1 1 1 
1 0 1 
1 0 
1 
1 0 1 1 1 
1 0 1 1 
1 1 1 
1 0 
1 
1 1 0 0 1 
1 0 1 1 
1 1 1 
1 0 
1 
1 1 0 0 1 
1 1 0 0 
1 1 1 
1 0 
1 
1 1 0 0 1 
0 0 1 0 
1 1 1 
1 0 
1 
0 0 1 0 1 
0 0 1 0 
1 1 1 
1 0 
1 
0 0 1 1 1 
0 0 0 0 
1 0 1 
1 0 
1 
0 0 1 1 1 
1 0 0 0 
0 0 1 
0 0 
1 
0 1 0 0 1 
1 0 0 0 
0 0 1 
0 0 
1 
Failed
Success = 0; Fail = 201
1 1 1 1 1 
1 0 1 1 
1 1 1 
1 1 
1 
1 1 1 1 1 
1 1 1 1 
1 0 1 
1 0 
1 
1 1 1 1 1 
1 1 1 0 
1 0 0 
1 1 
1 
1 1 0 1 1 
1 1 0 0 
1 0 1 
1 1 
1 
1 1 0 1 1 
1 1 0 1 
1 0 0 
1 0 
1 
1 1 0 1 0 
1 1 0 0 
1 0 1 
1 0 
1 
1 1 0 1 0 
0 0 1 0 
1 0 1 
1 0 
1 
0 0 1 1 0 
0 0 1 0 
1 0 1 
1 0 
1 
0 0 1 0 0 
0 0 0 0 
1 1 1 
1 0 
1 
0 0 1 0 0 
0 0 1 0 
1 0 1 
0 0 
1 
Failed
Success = 0; Fail = 202
1 1 1 1 1 
1 0 1 1 
1 1 1 
1 1 
1 
1 1 1 1 1 
1 1 1 1 
1 0 1 
1 0 
1 
1 1 1 1 1 
1 1 1 0 
1 0 0 
1 1 
1 
1 0 1 1 1 
1 0 1 0 
1 1 0 
1 1 
1 
1 0 1 1 1 
1 0 1 0 
0 0 1 
1 1 
1 
1 0 1 0 1 
1 0 0 0 
0 1 1 
1 1 
1 
1 0 1 0 1 
1 0 0 0 
1 1 1 
0 1 
0 
1 0 1 0 1 
1 0 0 0 
1 1 0 
0 0 
1 
1 0 1 0 1 
0 0 0 0 
0 1 0 
1 0 
1 
1 0 1 0 1 
0 0 1 0 
0 0 0 
0 0 
1 
1 0 0 0 1 
0 0 0 0 
0 0 1 
0 0 
1 
Failed
Success = 0; Fail = 203
1 1 1 1 1 
1 0 1 1 
1 1 1 
1 1 
1 
1 1 1 1 1 
1 1 0 0 
1 1 1 
1 1 
1 
1 1 1 1 1 
1 1 0 1 
1 1 0 
1 0 
1 
1 1 1 1 1 
0 0 1 1 
1 1 0 
1 0 
1 
1 1 0 1 1 
0 0 0 1 
1 1 1 
1 0 
1 
1 1 0 1 1 
0 0 0 0 
1 1 0 
1 1 
1 
1 1 1 0 0 
0 0 0 0 
1 1 0 
1 1 
1 
1 1 1 0 0 
0 1 0 0 
1 0 0 
1 0 
1 
1 0 1 0 0 
0 0 0 0 
1 1 0 
1 0 
1 
1 0 1 0 0 
0 0 1 0 
1 0 0 
0 0 
1 
1 0 0 0 0 
0 0 0 0 
1 0 1 
0 0 
1 
Failed
Success = 0; Fail = 204
1 1 1 1 1 
1 0 1 1 
1 1 1 
1 1 
1 
1 1 1 1 1 
1 1 1 1 
1 0 1 
1 0 
1 
1 1 1 0 1 
1 1 0 1 
1 1 1 
1 0 
1 
1 1 1 0 1 
1 1 0 0 
1 1 0 
1 1 
1 
1 0 0 1 1 
1 1 0 0 
1 1 0 
1 1 
1 
1 0 0 1 1 
1 1 1 0 
1 0 0 
0 1 
1 
1 0 0 1 1 
0 1 1 0 
0 0 0 
1 1 
1 
1 0 0 1 1 
0 1 1 0 
1 0 0 
0 1 
0 
1 0 1 1 1 
0 0 1 0 
0 0 0 
0 1 
0 
1 0 1 0 1 
0 0 0 0 
0 1 0 
0 1 
0 
1 0 1 0 1 
0 1 0 0 
0 0 0 
0 0 
0 
1 0 0 0 1 
0 0 0 0 
1 0 0 
0 0 
0 
Failed
Success = 0; Fail = 205
1 1 1 1 1 
1 0 1 1 
1 1 1 
1 1 
1 
1 1 1 1 1 
1 1 0 0 
1 1 1 
1 1 
1 
1 1 1 1 1 
1 1 0 1 
1 1 0 
1 0 
1 
1 1 1 1 1 
1 1 0 1 
0 0 1 
1 0 
1 
1 0 1 1 1 
1 0 0 1 
0 1 1 
1 0 
1 
1 1 0 0 1 
1 0 0 1 
0 1 1 
1 0 
1 
1 1 0 0 1 
1 0 0 1 
1 1 1 
0 0 
0 
1 1 0 0 1 
1 0 0 0 
1 1 0 
0 1 
0 
1 1 0 0 1 
1 0 0 0 
0 0 1 
0 1 
0 
1 1 0 0 1 
1 0 0 1 
0 0 0 
0 0 
0 
0 0 1 0 1 
1 0 0 1 
0 0 0 
0 0 
0 
0 0 1 0 0 
1 0 0 0 
0 0 1 
0 0 
0 
Failed
Success = 0; Fail = 206
1 1 1 1 1 
1 0 1 1 
1 1 1 
1 1 
1 
1 1 1 1 1 
1 1 0 0 
1 1 1 
1 1 
1 
1 1 1 1 1 
0 0 1 0 
1 1 1 
1 1 
1 
1 1 1 1 1 
1 0 1 0 
0 1 1 
0 1 
1 
0 1 1 1 1 
0 0 1 0 
1 1 1 
0 1 
1 
0 1 1 1 1 
0 1 1 0 
1 0 1 
0 0 
1 
0 1 1 1 1 
1 0 0 0 
1 0 1 
0 0 
1 
0 1 1 1 1 
0 0 0 0 
0 0 1 
1 0 
1 
0 1 1 1 1 
0 0 0 0 
1 0 1 
0 0 
0 
1 0 0 1 1 
0 0 0 0 
1 0 1 
0 0 
0 
1 0 1 0 0 
0 0 0 0 
1 0 1 
0 0 
0 
Failed
Success = 0; Fail = 207
1 1 1 1 1 
1 0 1 1 
1 1 1 
1 1 
1 
1 1 1 1 1 
1 1 1 1 
1 0 1 
1 0 
1 
1 1 1 0 1 
1 1 0 1 
1 1 1 
1 0 
1 
1 1 1 0 1 
1 0 0 1 
1 0 1 
1 1 
1 
1 0 0 1 1 
1 0 0 1 
1 0 1 
1 1 
1 
1 0 1 0 0 
1 0 0 1 
1 0 1 
1 1 
1 
1 0 1 0 1 
1 0 0 0 
1 0 0 
1 1 
1 
1 0 1 0 1 
1 0 0 0 
1 0 1 
1 0 
0 
1 0 1 0 1 
1 0 0 0 
0 0 1 
0 0 
1 
0 0 1 0 1 
0 0 0 0 
1 0 1 
0 0 
1 
Failed
Success = 0; Fail = 208
1 1 1 1 1 
1 0 1 1 
1 1 1 
1 1 
1 
1 1 1 1 1 
1 1 1 1 
1 0 1 
1 0 
1 
1 1 1 0 1 
1 1 0 1 
1 1 1 
1 0 
1 
1 1 1 0 1 
1 1 0 0 
1 1 0 
1 1 
1 
1 1 1 0 1 
0 0 1 0 
1 1 0 
1 1 
1 
1 0 0 1 1 
0 0 1 0 
1 1 0 
1 1 
1 
1 0 1 0 0 
0 0 1 0 
1 1 0 
1 1 
1 
1 0 0 0 0 
0 0 0 0 
1 1 1 
1 1 
1 
1 0 0 0 0 
1 0 0 0 
0 1 1 
0 1 
1 
1 0 0 0 0 
1 0 0 1 
0 1 0 
0 0 
1 
0 0 0 0 0 
0 0 0 1 
1 1 0 
0 0 
1 
0 0 0 0 0 
0 0 0 1 
0 0 1 
0 0 
1 
0 0 0 0 0 
0 0 0 0 
0 0 0 
0 1 
1 
0 0 0 0 0 
0 0 0 0 
0 0 1 
0 0 
0 
Success
Success = 1; Fail = 208
