1 1 1 1 1 
1 0 1 1 
1 1 1 
1 1 
1 
1 1 1 1 1 
1 1 0 0 
1 1 1 
1 1 
1 
1 1 1 1 1 
1 1 0 1 
1 1 0 
1 0 
1 
1 1 1 1 0 
1 1 0 0 
1 1 1 
1 0 
1 
1 1 1 1 0 
1 0 0 0 
1 0 1 
1 1 
1 
1 1 1 1 0 
1 0 0 1 
1 0 0 
1 0 
1 
1 1 0 0 1 
1 0 0 1 
1 0 0 
1 0 
1 
1 1 0 0 0 
1 0 0 0 
1 0 1 
1 0 
1 
0 0 1 0 0 
1 0 0 0 
1 0 1 
1 0 
1 
1 0 1 0 0 
0 0 0 0 
0 0 1 
1 0 
1 
1 0 1 0 0 
0 0 0 0 
1 0 1 
0 0 
0 
Failed
Success = 0; Fail = 1
1 1 1 1 1 
1 0 1 1 
1 1 1 
1 1 
1 
1 1 1 1 1 
1 1 1 1 
1 0 1 
1 0 
1 
1 1 1 1 1 
1 1 1 0 
1 0 0 
1 1 
1 
1 1 1 1 1 
1 0 0 1 
1 0 0 
1 1 
1 
1 1 1 1 0 
1 0 0 0 
1 0 1 
1 1 
1 
1 1 0 0 1 
1 0 0 0 
1 0 1 
1 1 
1 
1 1 0 0 1 
1 0 0 1 
1 0 0 
1 0 
1 
1 1 0 0 0 
1 0 0 0 
1 0 1 
1 0 
1 
0 0 1 0 0 
1 0 0 0 
1 0 1 
1 0 
1 
1 0 1 0 0 
0 0 0 0 
0 0 1 
1 0 
1 
1 0 1 0 0 
0 0 0 0 
1 0 1 
0 0 
0 
Failed
Success = 0; Fail = 2
1 1 1 1 1 
1 0 1 1 
1 1 1 
1 1 
1 
1 1 1 1 1 
1 1 0 0 
1 1 1 
1 1 
1 
1 1 1 1 1 
0 0 1 0 
1 1 1 
1 1 
1 
1 1 1 1 1 
0 1 1 0 
1 0 1 
1 0 
1 
1 1 1 0 1 
0 1 0 0 
1 1 1 
1 0 
1 
1 1 1 0 1 
0 0 0 0 
1 0 1 
1 1 
1 
1 1 1 0 1 
0 0 0 1 
1 0 0 
1 0 
1 
1 1 1 0 1 
1 0 0 1 
0 0 0 
0 0 
1 
1 1 1 0 0 
1 0 0 0 
0 0 1 
0 0 
1 
0 1 1 0 0 
0 0 0 0 
1 0 1 
0 0 
1 
0 0 0 1 0 
0 0 0 0 
1 0 1 
0 0 
1 
Failed
Success = 0; Fail = 3
1 1 1 1 1 
1 0 1 1 
1 1 1 
1 1 
1 
1 1 1 1 1 
1 1 0 0 
1 1 1 
1 1 
1 
1 1 1 1 1 
0 0 1 0 
1 1 1 
1 1 
1 
1 1 1 1 1 
0 0 1 1 
1 1 0 
1 0 
1 
1 1 1 1 1 
0 0 1 1 
0 0 1 
1 0 
1 
1 1 1 1 1 
0 0 1 0 
0 0 0 
1 1 
1 
1 1 0 1 1 
0 0 0 0 
0 0 1 
1 1 
1 
1 1 0 1 1 
0 0 0 1 
0 0 0 
1 0 
1 
1 1 1 0 0 
0 0 0 1 
0 0 0 
1 0 
1 
1 0 0 1 0 
0 0 0 1 
0 0 0 
1 0 
1 
1 0 0 1 0 
0 0 0 1 
1 0 0 
0 0 
0 
Failed
Success = 0; Fail = 4
1 1 1 1 1 
1 0 1 1 
1 1 1 
1 1 
1 
1 1 1 1 1 
1 1 1 1 
1 0 1 
1 0 
1 
1 1 1 0 1 
1 1 0 1 
1 1 1 
1 0 
1 
1 1 1 0 1 
0 0 1 1 
1 1 1 
1 0 
1 
1 1 1 0 1 
1 0 1 1 
0 1 1 
0 0 
1 
1 1 1 1 1 
1 0 0 1 
0 0 1 
0 0 
1 
1 1 1 1 1 
1 0 0 0 
0 0 0 
0 1 
1 
0 1 1 1 1 
0 0 0 0 
1 0 0 
0 1 
1 
1 0 0 1 1 
0 0 0 0 
1 0 0 
0 1 
1 
1 0 1 0 0 
0 0 0 0 
1 0 0 
0 1 
1 
1 0 1 0 0 
0 0 0 0 
1 0 1 
0 0 
0 
Failed
Success = 0; Fail = 5
1 1 1 1 1 
1 0 1 1 
1 1 1 
1 1 
1 
1 1 1 1 1 
1 1 0 0 
1 1 1 
1 1 
1 
1 1 1 1 1 
1 1 1 0 
1 0 1 
0 1 
1 
1 1 1 1 1 
1 0 0 1 
1 0 1 
0 1 
1 
1 1 1 1 1 
0 0 0 1 
0 0 1 
1 1 
1 
1 1 1 1 1 
0 0 0 1 
1 0 1 
0 1 
0 
1 1 1 1 1 
0 0 0 1 
1 0 0 
0 0 
1 
1 1 1 1 0 
0 0 0 0 
1 0 1 
0 0 
1 
1 1 0 0 1 
0 0 0 0 
1 0 1 
0 0 
1 
0 0 1 0 1 
0 0 0 0 
1 0 1 
0 0 
1 
Failed
Success = 0; Fail = 6
1 1 1 1 1 
1 0 1 1 
1 1 1 
1 1 
1 
1 1 1 1 1 
1 1 1 1 
1 0 1 
1 0 
1 
1 1 1 1 1 
1 1 1 0 
1 0 0 
1 1 
1 
1 1 1 0 1 
1 1 0 0 
1 1 0 
1 1 
1 
1 1 1 0 1 
1 1 0 0 
0 0 1 
1 1 
1 
1 0 0 1 1 
1 1 0 0 
0 0 1 
1 1 
1 
1 0 0 1 1 
1 1 0 0 
1 0 1 
0 1 
0 
1 0 0 1 1 
0 0 1 0 
1 0 1 
0 1 
0 
1 0 1 1 1 
0 0 0 0 
1 0 0 
0 1 
0 
1 1 0 0 1 
0 0 0 0 
1 0 0 
0 1 
0 
0 0 1 0 1 
0 0 0 0 
1 0 0 
0 1 
0 
Failed
Success = 0; Fail = 7
1 1 1 1 1 
1 0 1 1 
1 1 1 
1 1 
1 
1 1 1 1 1 
1 1 0 0 
1 1 1 
1 1 
1 
1 1 1 1 1 
1 1 1 0 
1 0 1 
0 1 
1 
1 1 1 0 1 
1 1 0 0 
1 1 1 
0 1 
1 
1 1 1 0 1 
0 0 1 0 
1 1 1 
0 1 
1 
1 1 1 1 1 
0 0 0 0 
1 0 1 
0 1 
1 
1 1 1 1 1 
0 0 0 1 
1 0 0 
0 0 
1 
1 1 1 1 0 
0 0 0 0 
1 0 1 
0 0 
1 
1 1 0 0 1 
0 0 0 0 
1 0 1 
0 0 
1 
0 0 1 0 1 
0 0 0 0 
1 0 1 
0 0 
1 
Failed
Success = 0; Fail = 8
1 1 1 1 1 
1 0 1 1 
1 1 1 
1 1 
1 
1 1 1 1 1 
1 1 1 1 
1 0 1 
1 0 
1 
1 0 1 1 1 
1 0 1 1 
1 1 1 
1 0 
1 
1 1 0 0 1 
1 0 1 1 
1 1 1 
1 0 
1 
0 0 1 0 1 
1 0 1 1 
1 1 1 
1 0 
1 
0 0 1 0 1 
1 0 1 0 
1 1 0 
1 1 
1 
0 0 1 0 1 
1 0 1 0 
0 0 1 
1 1 
1 
0 0 1 0 1 
1 0 1 0 
1 0 1 
0 1 
0 
0 0 1 0 1 
1 0 1 0 
1 0 0 
0 0 
1 
1 0 1 0 1 
0 0 1 0 
0 0 0 
0 0 
1 
1 0 0 0 1 
0 0 0 0 
0 0 1 
0 0 
1 
Failed
Success = 0; Fail = 9
1 1 1 1 1 
1 0 1 1 
1 1 1 
1 1 
1 
1 1 1 1 1 
1 1 1 1 
1 0 1 
1 0 
1 
1 1 1 0 1 
1 1 0 1 
1 1 1 
1 0 
1 
1 1 1 0 1 
1 0 0 1 
1 0 1 
1 1 
1 
1 0 0 1 1 
1 0 0 1 
1 0 1 
1 1 
1 
1 0 1 0 0 
1 0 0 1 
1 0 1 
1 1 
1 
1 0 1 0 1 
1 0 0 0 
1 0 0 
1 1 
1 
1 0 1 0 1 
1 0 0 0 
1 0 1 
1 0 
0 
1 0 1 0 1 
1 0 0 0 
0 0 1 
0 0 
1 
0 0 1 0 1 
0 0 0 0 
1 0 1 
0 0 
1 
Failed
Success = 0; Fail = 10
1 1 1 1 1 
1 0 1 1 
1 1 1 
1 1 
1 
1 1 1 1 1 
1 1 0 0 
1 1 1 
1 1 
1 
1 1 1 1 1 
1 1 0 1 
1 1 0 
1 0 
1 
1 1 1 1 1 
1 0 0 1 
1 0 0 
1 1 
1 
1 1 1 1 0 
1 0 0 0 
1 0 1 
1 1 
1 
1 1 1 1 0 
1 0 0 1 
1 0 0 
1 0 
1 
1 1 0 0 1 
1 0 0 1 
1 0 0 
1 0 
1 
0 0 1 0 1 
1 0 0 1 
1 0 0 
1 0 
1 
0 0 1 0 0 
1 0 0 0 
1 0 1 
1 0 
1 
1 0 1 0 0 
0 0 0 0 
0 0 1 
1 0 
1 
1 0 1 0 0 
0 0 0 0 
1 0 1 
0 0 
0 
Failed
Success = 0; Fail = 11
1 1 1 1 1 
1 0 1 1 
1 1 1 
1 1 
1 
1 1 1 1 1 
1 1 0 0 
1 1 1 
1 1 
1 
1 1 1 1 1 
1 1 1 0 
1 0 1 
0 1 
1 
1 1 1 0 1 
1 1 0 0 
1 1 1 
0 1 
1 
1 1 1 0 1 
0 0 1 0 
1 1 1 
0 1 
1 
1 1 1 0 1 
0 1 1 0 
1 0 1 
0 0 
1 
1 1 1 0 1 
0 0 0 1 
1 0 1 
0 0 
1 
1 1 1 0 1 
0 0 0 0 
1 0 0 
0 1 
1 
1 0 0 1 1 
0 0 0 0 
1 0 0 
0 1 
1 
1 0 1 0 0 
0 0 0 0 
1 0 0 
0 1 
1 
1 0 1 0 0 
0 0 0 0 
1 0 1 
0 0 
0 
Failed
Success = 0; Fail = 12
1 1 1 1 1 
1 0 1 1 
1 1 1 
1 1 
1 
1 1 1 1 1 
1 1 1 1 
1 0 1 
1 0 
1 
1 1 1 1 1 
1 1 1 0 
1 0 0 
1 1 
1 
1 1 1 1 1 
1 0 0 1 
1 0 0 
1 1 
1 
1 1 1 1 0 
1 0 0 0 
1 0 1 
1 1 
1 
1 1 0 0 1 
1 0 0 0 
1 0 1 
1 1 
1 
1 1 0 0 1 
1 0 0 1 
1 0 0 
1 0 
1 
1 1 0 0 0 
1 0 0 0 
1 0 1 
1 0 
1 
0 0 1 0 0 
1 0 0 0 
1 0 1 
1 0 
1 
1 0 1 0 0 
0 0 0 0 
0 0 1 
1 0 
1 
1 0 1 0 0 
0 0 0 0 
1 0 1 
0 0 
0 
Failed
Success = 0; Fail = 13
1 1 1 1 1 
1 0 1 1 
1 1 1 
1 1 
1 
1 1 1 1 1 
1 1 0 0 
1 1 1 
1 1 
1 
1 1 1 1 1 
1 1 0 1 
1 1 0 
1 0 
1 
1 1 1 1 1 
1 1 1 1 
1 0 0 
0 0 
1 
1 0 1 1 1 
1 0 1 1 
1 1 0 
0 0 
1 
1 0 1 1 1 
1 0 1 1 
0 0 1 
0 0 
1 
1 0 1 0 1 
1 0 0 1 
0 1 1 
0 0 
1 
0 0 1 0 1 
0 0 0 1 
1 1 1 
0 0 
1 
0 0 1 0 1 
0 0 0 0 
1 1 0 
0 1 
1 
0 0 1 0 1 
0 0 0 0 
1 1 1 
0 0 
0 
Failed
Success = 0; Fail = 14
1 1 1 1 1 
1 0 1 1 
1 1 1 
1 1 
1 
1 1 1 1 1 
1 1 0 0 
1 1 1 
1 1 
1 
1 1 1 1 1 
1 1 0 1 
1 1 0 
1 0 
1 
1 1 1 1 1 
1 0 0 1 
1 0 0 
1 1 
1 
1 1 1 1 0 
1 0 0 0 
1 0 1 
1 1 
1 
1 1 1 1 0 
1 0 0 1 
1 0 0 
1 0 
1 
1 1 0 0 1 
1 0 0 1 
1 0 0 
1 0 
1 
0 0 1 0 1 
1 0 0 1 
1 0 0 
1 0 
1 
1 0 1 0 1 
0 0 0 1 
0 0 0 
1 0 
1 
1 0 1 0 1 
0 0 0 1 
1 0 0 
0 0 
0 
1 0 1 0 0 
0 0 0 0 
1 0 1 
0 0 
0 
Failed
Success = 0; Fail = 15
1 1 1 1 1 
1 0 1 1 
1 1 1 
1 1 
1 
1 1 1 1 1 
1 1 1 1 
1 0 1 
1 0 
1 
1 1 1 1 1 
1 1 1 0 
1 0 0 
1 1 
1 
1 1 0 1 1 
1 1 0 0 
1 0 1 
1 1 
1 
1 1 0 1 1 
0 0 1 0 
1 0 1 
1 1 
1 
1 1 0 1 1 
0 0 1 1 
1 0 0 
1 0 
1 
1 1 0 1 1 
1 0 1 1 
0 0 0 
0 0 
1 
1 1 1 0 0 
1 0 1 1 
0 0 0 
0 0 
1 
1 0 0 1 0 
1 0 1 1 
0 0 0 
0 0 
1 
0 0 0 1 0 
0 0 1 1 
1 0 0 
0 0 
1 
0 0 0 0 0 
0 0 0 1 
1 1 0 
0 0 
1 
0 0 0 0 0 
0 0 0 1 
0 0 1 
0 0 
1 
0 0 0 0 0 
0 0 0 0 
0 0 0 
0 1 
1 
0 0 0 0 0 
0 0 0 0 
0 0 1 
0 0 
0 
Success
Success = 1; Fail = 15
