1 1 1 1 1 
1 0 1 1 
1 1 1 
1 1 
1 
1 1 1 1 1 
1 1 0 0 
1 1 1 
1 1 
1 
1 1 1 1 1 
1 1 0 1 
1 1 0 
1 0 
1 
1 1 1 1 0 
1 1 0 0 
1 1 1 
1 0 
1 
1 1 1 1 0 
0 0 1 0 
1 1 1 
1 0 
1 
1 1 0 0 1 
0 0 1 0 
1 1 1 
1 0 
1 
0 0 1 0 1 
0 0 1 0 
1 1 1 
1 0 
1 
0 0 1 1 1 
0 0 0 0 
1 0 1 
1 0 
1 
0 0 1 1 1 
1 0 0 0 
0 0 1 
0 0 
1 
0 1 0 0 1 
1 0 0 0 
0 0 1 
0 0 
1 
Failed
Success = 0; Fail = 1
1 1 1 1 1 
1 0 1 1 
1 1 1 
1 1 
1 
1 1 1 1 1 
1 1 1 1 
1 0 1 
1 0 
1 
1 1 1 1 1 
1 1 1 0 
1 0 0 
1 1 
1 
1 0 1 1 1 
1 0 1 0 
1 1 0 
1 1 
1 
1 0 1 1 1 
1 0 1 0 
0 0 1 
1 1 
1 
1 0 1 1 1 
1 0 1 1 
0 0 0 
1 0 
1 
1 0 1 0 1 
1 0 0 1 
0 1 0 
1 0 
1 
1 0 1 0 0 
1 0 0 0 
0 1 1 
1 0 
1 
1 0 1 0 0 
1 0 0 0 
1 1 1 
0 0 
0 
1 0 1 0 0 
0 0 0 0 
0 1 1 
1 0 
0 
1 0 1 0 0 
0 0 1 0 
0 0 1 
0 0 
0 
Failed
Success = 0; Fail = 2
1 1 1 1 1 
1 0 1 1 
1 1 1 
1 1 
1 
1 1 1 1 1 
1 1 1 1 
1 0 1 
1 0 
1 
1 1 1 1 1 
1 1 1 0 
1 0 0 
1 1 
1 
1 1 1 1 1 
1 1 1 0 
1 0 1 
1 0 
0 
1 1 1 1 1 
1 0 0 1 
1 0 1 
1 0 
0 
1 1 1 1 1 
1 0 0 1 
0 0 1 
0 0 
1 
0 1 1 1 1 
0 0 0 1 
1 0 1 
0 0 
1 
1 0 0 1 1 
0 0 0 1 
1 0 1 
0 0 
1 
1 0 0 1 1 
0 0 0 0 
1 0 0 
0 1 
1 
1 0 0 1 1 
0 0 0 0 
1 0 1 
0 0 
0 
1 0 1 0 0 
0 0 0 0 
1 0 1 
0 0 
0 
Failed
Success = 0; Fail = 3
1 1 1 1 1 
1 0 1 1 
1 1 1 
1 1 
1 
1 1 1 1 1 
1 1 1 1 
1 0 1 
1 0 
1 
1 1 1 1 1 
1 1 1 0 
1 0 0 
1 1 
1 
1 1 1 1 1 
1 1 1 0 
1 0 1 
1 0 
0 
1 1 1 1 1 
1 0 0 1 
1 0 1 
1 0 
0 
1 1 1 1 1 
1 0 0 1 
0 0 1 
0 0 
1 
0 1 1 1 1 
0 0 0 1 
1 0 1 
0 0 
1 
0 1 1 1 1 
0 0 0 0 
1 0 0 
0 1 
1 
0 1 1 1 1 
0 0 0 0 
1 0 1 
0 0 
0 
1 0 0 1 1 
0 0 0 0 
1 0 1 
0 0 
0 
1 0 1 0 0 
0 0 0 0 
1 0 1 
0 0 
0 
Failed
Success = 0; Fail = 4
1 1 1 1 1 
1 0 1 1 
1 1 1 
1 1 
1 
1 1 1 1 1 
1 1 1 1 
1 0 1 
1 0 
1 
1 0 1 1 1 
1 0 1 1 
1 1 1 
1 0 
1 
1 0 1 1 1 
1 1 0 0 
1 1 1 
1 0 
1 
1 0 1 1 1 
1 1 1 0 
1 0 1 
0 0 
1 
1 1 0 0 1 
1 1 1 0 
1 0 1 
0 0 
1 
1 0 0 0 1 
1 0 1 0 
1 1 1 
0 0 
1 
1 0 1 0 1 
1 0 0 0 
1 1 0 
0 0 
1 
1 0 1 0 1 
1 0 0 0 
0 0 1 
0 0 
1 
0 0 1 0 1 
0 0 0 0 
1 0 1 
0 0 
1 
Failed
Success = 0; Fail = 5
1 1 1 1 1 
1 0 1 1 
1 1 1 
1 1 
1 
1 1 1 1 1 
1 1 0 0 
1 1 1 
1 1 
1 
1 1 1 1 1 
1 1 0 1 
1 1 0 
1 0 
1 
1 1 1 1 1 
1 1 1 1 
1 0 0 
0 0 
1 
1 1 1 1 1 
0 1 1 1 
0 0 0 
1 0 
1 
1 1 1 1 1 
1 0 0 1 
0 0 0 
1 0 
1 
1 1 1 1 0 
1 0 0 0 
0 0 1 
1 0 
1 
1 1 1 1 0 
1 0 0 0 
1 0 1 
0 0 
0 
1 1 1 1 0 
0 0 0 0 
0 0 1 
1 0 
0 
1 1 0 0 1 
0 0 0 0 
0 0 1 
1 0 
0 
0 0 1 0 1 
0 0 0 0 
0 0 1 
1 0 
0 
Failed
Success = 0; Fail = 6
1 1 1 1 1 
1 0 1 1 
1 1 1 
1 1 
1 
1 1 1 1 1 
1 1 1 1 
1 0 1 
1 0 
1 
1 0 1 1 1 
1 0 1 1 
1 1 1 
1 0 
1 
1 0 1 1 1 
1 1 0 0 
1 1 1 
1 0 
1 
1 0 1 1 1 
1 1 1 0 
1 0 1 
0 0 
1 
1 0 1 0 1 
1 1 0 0 
1 1 1 
0 0 
1 
1 1 1 0 1 
1 0 0 0 
1 0 1 
0 0 
1 
1 1 1 0 1 
0 0 0 0 
0 0 1 
1 0 
1 
1 1 1 0 1 
0 0 0 0 
1 0 1 
0 0 
0 
1 0 0 1 1 
0 0 0 0 
1 0 1 
0 0 
0 
1 0 1 0 0 
0 0 0 0 
1 0 1 
0 0 
0 
Failed
Success = 0; Fail = 7
1 1 1 1 1 
1 0 1 1 
1 1 1 
1 1 
1 
1 1 1 1 1 
1 1 0 0 
1 1 1 
1 1 
1 
1 1 1 1 1 
0 0 1 0 
1 1 1 
1 1 
1 
1 1 1 1 1 
0 0 1 1 
1 1 0 
1 0 
1 
1 1 1 1 1 
0 1 0 0 
1 1 0 
1 0 
1 
1 1 1 1 1 
0 0 0 0 
1 0 0 
1 1 
1 
1 1 1 1 1 
1 0 0 0 
0 0 0 
0 1 
1 
1 1 1 1 1 
1 0 0 0 
0 0 1 
0 0 
0 
0 1 1 1 1 
0 0 0 0 
1 0 1 
0 0 
0 
1 0 0 1 1 
0 0 0 0 
1 0 1 
0 0 
0 
1 0 1 0 0 
0 0 0 0 
1 0 1 
0 0 
0 
Failed
Success = 0; Fail = 8
1 1 1 1 1 
1 0 1 1 
1 1 1 
1 1 
1 
1 1 1 1 1 
1 1 0 0 
1 1 1 
1 1 
1 
1 1 1 1 1 
0 0 1 0 
1 1 1 
1 1 
1 
1 1 1 1 1 
0 0 1 1 
1 1 0 
1 0 
1 
1 1 1 1 0 
0 0 1 0 
1 1 1 
1 0 
1 
1 1 1 1 0 
1 0 1 0 
0 1 1 
0 0 
1 
1 1 0 0 1 
1 0 1 0 
0 1 1 
0 0 
1 
1 1 0 0 1 
1 0 1 0 
1 0 0 
0 0 
1 
0 0 1 0 1 
1 0 1 0 
1 0 0 
0 0 
1 
0 0 1 0 1 
0 0 1 0 
0 0 0 
1 0 
1 
0 0 0 0 1 
0 0 0 0 
0 0 1 
1 0 
1 
0 0 0 0 1 
0 0 0 0 
1 0 1 
0 0 
0 
Failed
Success = 0; Fail = 9
1 1 1 1 1 
1 0 1 1 
1 1 1 
1 1 
1 
1 1 1 1 1 
1 1 0 0 
1 1 1 
1 1 
1 
1 1 1 1 1 
1 1 0 1 
1 1 0 
1 0 
1 
1 1 1 1 1 
1 0 0 1 
1 0 0 
1 1 
1 
1 1 1 1 1 
1 0 0 1 
1 0 1 
1 0 
0 
1 1 1 1 1 
1 0 0 0 
1 0 0 
1 1 
0 
1 1 1 1 1 
1 0 0 0 
0 0 0 
0 1 
1 
1 1 1 1 1 
1 0 0 0 
0 0 1 
0 0 
0 
0 1 1 1 1 
0 0 0 0 
1 0 1 
0 0 
0 
1 0 0 1 1 
0 0 0 0 
1 0 1 
0 0 
0 
1 0 1 0 0 
0 0 0 0 
1 0 1 
0 0 
0 
Failed
Success = 0; Fail = 10
1 1 1 1 1 
1 0 1 1 
1 1 1 
1 1 
1 
1 1 1 1 1 
1 1 1 1 
1 0 1 
1 0 
1 
1 1 1 1 1 
1 1 1 0 
1 0 0 
1 1 
1 
1 1 1 0 1 
1 1 0 0 
1 1 0 
1 1 
1 
1 0 0 1 1 
1 1 0 0 
1 1 0 
1 1 
1 
1 0 1 0 0 
1 1 0 0 
1 1 0 
1 1 
1 
1 0 1 0 0 
1 1 0 0 
0 0 1 
1 1 
1 
1 0 1 0 0 
1 1 0 1 
0 0 0 
1 0 
1 
1 0 0 0 0 
1 0 0 1 
1 0 0 
1 0 
1 
Failed
Success = 0; Fail = 11
1 1 1 1 1 
1 0 1 1 
1 1 1 
1 1 
1 
1 1 1 1 1 
1 1 1 1 
1 0 1 
1 0 
1 
1 1 1 1 1 
1 1 1 0 
1 0 0 
1 1 
1 
1 1 1 0 1 
1 1 0 0 
1 1 0 
1 1 
1 
1 1 1 0 1 
1 1 0 0 
1 1 1 
1 0 
0 
1 1 1 0 1 
1 1 0 0 
0 1 1 
0 0 
1 
1 0 0 1 1 
1 1 0 0 
0 1 1 
0 0 
1 
1 0 0 1 1 
0 0 1 0 
0 1 1 
0 0 
1 
1 0 1 0 0 
0 0 1 0 
0 1 1 
0 0 
1 
1 0 1 0 0 
0 0 0 0 
0 0 1 
1 0 
1 
1 0 1 0 0 
0 0 0 0 
1 0 1 
0 0 
0 
Failed
Success = 0; Fail = 12
1 1 1 1 1 
1 0 1 1 
1 1 1 
1 1 
1 
1 1 1 1 1 
1 1 0 0 
1 1 1 
1 1 
1 
1 1 1 1 1 
1 1 1 0 
1 0 1 
0 1 
1 
1 1 1 1 1 
0 1 1 0 
0 0 1 
1 1 
1 
1 0 1 1 1 
0 0 1 0 
0 1 1 
1 1 
1 
1 0 1 1 1 
0 0 1 1 
0 1 0 
1 0 
1 
1 0 0 1 1 
0 0 0 1 
0 1 1 
1 0 
1 
1 0 0 1 1 
0 0 1 1 
0 0 1 
0 0 
1 
1 0 0 1 1 
0 0 1 0 
0 0 0 
0 1 
1 
1 0 0 0 1 
0 0 0 0 
0 1 0 
0 1 
1 
1 0 0 0 1 
0 1 0 0 
0 0 0 
0 0 
1 
Failed
Success = 0; Fail = 13
1 1 1 1 1 
1 0 1 1 
1 1 1 
1 1 
1 
1 1 1 1 1 
1 1 1 1 
1 0 1 
1 0 
1 
1 1 1 1 1 
1 1 1 0 
1 0 0 
1 1 
1 
1 0 1 1 1 
1 0 1 0 
1 1 0 
1 1 
1 
1 0 1 1 1 
1 0 1 0 
0 0 1 
1 1 
1 
1 1 0 0 1 
1 0 1 0 
0 0 1 
1 1 
1 
0 0 1 0 1 
1 0 1 0 
0 0 1 
1 1 
1 
0 0 1 0 1 
1 0 1 1 
0 0 0 
1 0 
1 
0 0 1 0 0 
1 0 1 0 
0 0 1 
1 0 
1 
0 0 1 0 0 
1 0 1 0 
1 0 1 
0 0 
0 
1 0 1 0 0 
0 0 1 0 
0 0 1 
0 0 
0 
Failed
Success = 0; Fail = 14
1 1 1 1 1 
1 0 1 1 
1 1 1 
1 1 
1 
1 1 1 1 1 
1 1 1 1 
1 0 1 
1 0 
1 
1 0 1 1 1 
1 0 1 1 
1 1 1 
1 0 
1 
1 0 1 1 1 
1 1 0 0 
1 1 1 
1 0 
1 
1 1 0 0 1 
1 1 0 0 
1 1 1 
1 0 
1 
1 1 0 0 1 
1 0 0 0 
1 0 1 
1 1 
1 
0 0 1 0 1 
1 0 0 0 
1 0 1 
1 1 
1 
1 0 1 0 1 
0 0 0 0 
0 0 1 
1 1 
1 
1 0 1 0 1 
0 0 0 0 
1 0 1 
0 1 
0 
1 0 1 0 1 
0 0 0 1 
1 0 0 
0 0 
0 
1 0 1 0 0 
0 0 0 0 
1 0 1 
0 0 
0 
Failed
Success = 0; Fail = 15
1 1 1 1 1 
1 0 1 1 
1 1 1 
1 1 
1 
1 1 1 1 1 
1 1 1 1 
1 0 1 
1 0 
1 
1 1 1 0 1 
1 1 0 1 
1 1 1 
1 0 
1 
1 1 1 0 1 
0 0 1 1 
1 1 1 
1 0 
1 
1 0 0 1 1 
0 0 1 1 
1 1 1 
1 0 
1 
1 0 1 1 1 
0 0 0 1 
1 1 0 
1 0 
1 
1 1 0 0 1 
0 0 0 1 
1 1 0 
1 0 
1 
1 1 0 0 1 
1 0 0 1 
0 1 0 
0 0 
1 
0 1 0 0 1 
0 0 0 1 
1 1 0 
0 0 
1 
0 1 0 0 1 
0 0 0 1 
0 0 1 
0 0 
1 
0 1 0 0 1 
0 0 0 0 
0 0 0 
0 1 
1 
0 1 0 0 1 
0 0 0 0 
0 0 1 
0 0 
0 
Failed
Success = 0; Fail = 16
1 1 1 1 1 
1 0 1 1 
1 1 1 
1 1 
1 
1 1 1 1 1 
1 1 0 0 
1 1 1 
1 1 
1 
1 1 1 1 1 
1 1 0 1 
1 1 0 
1 0 
1 
1 1 1 1 1 
1 0 0 1 
1 0 0 
1 1 
1 
1 1 1 1 1 
1 0 0 1 
1 0 1 
1 0 
0 
1 1 1 1 1 
1 0 0 0 
1 0 0 
1 1 
0 
1 1 1 1 1 
1 0 0 0 
0 0 0 
0 1 
1 
1 1 1 1 1 
1 0 0 0 
0 0 1 
0 0 
0 
0 1 1 1 1 
0 0 0 0 
1 0 1 
0 0 
0 
1 0 0 1 1 
0 0 0 0 
1 0 1 
0 0 
0 
1 0 1 0 0 
0 0 0 0 
1 0 1 
0 0 
0 
Failed
Success = 0; Fail = 17
1 1 1 1 1 
1 0 1 1 
1 1 1 
1 1 
1 
1 1 1 1 1 
1 1 1 1 
1 0 1 
1 0 
1 
1 1 1 0 1 
1 1 0 1 
1 1 1 
1 0 
1 
1 1 1 0 1 
1 0 0 1 
1 0 1 
1 1 
1 
1 0 0 1 1 
1 0 0 1 
1 0 1 
1 1 
1 
1 0 1 0 0 
1 0 0 1 
1 0 1 
1 1 
1 
1 0 1 0 1 
1 0 0 0 
1 0 0 
1 1 
1 
1 0 1 0 1 
1 0 0 0 
1 0 1 
1 0 
0 
1 0 1 0 1 
1 0 0 0 
0 0 1 
0 0 
1 
0 0 1 0 1 
0 0 0 0 
1 0 1 
0 0 
1 
Failed
Success = 0; Fail = 18
1 1 1 1 1 
1 0 1 1 
1 1 1 
1 1 
1 
1 1 1 1 1 
1 1 1 1 
1 0 1 
1 0 
1 
1 1 1 1 1 
1 1 1 0 
1 0 0 
1 1 
1 
1 1 1 0 1 
1 1 0 0 
1 1 0 
1 1 
1 
1 1 1 0 1 
1 1 0 0 
0 0 1 
1 1 
1 
1 1 1 0 1 
1 1 0 0 
1 0 1 
0 1 
0 
1 1 1 0 1 
0 1 0 0 
0 0 1 
1 1 
0 
1 1 1 0 1 
0 1 0 1 
0 0 0 
1 0 
0 
1 1 1 0 0 
0 1 0 0 
0 0 1 
1 0 
0 
1 0 0 1 0 
0 1 0 0 
0 0 1 
1 0 
0 
Failed
Success = 0; Fail = 19
1 1 1 1 1 
1 0 1 1 
1 1 1 
1 1 
1 
1 1 1 1 1 
1 1 1 1 
1 0 1 
1 0 
1 
1 1 1 1 1 
1 1 1 0 
1 0 0 
1 1 
1 
1 1 1 1 1 
1 0 0 1 
1 0 0 
1 1 
1 
1 1 1 1 1 
1 0 0 1 
1 0 1 
1 0 
0 
1 1 1 1 1 
1 0 0 1 
0 0 1 
0 0 
1 
0 1 1 1 1 
0 0 0 1 
1 0 1 
0 0 
1 
1 0 0 1 1 
0 0 0 1 
1 0 1 
0 0 
1 
1 0 0 1 1 
0 0 0 0 
1 0 0 
0 1 
1 
1 0 0 1 1 
0 0 0 0 
1 0 1 
0 0 
0 
1 0 1 0 0 
0 0 0 0 
1 0 1 
0 0 
0 
Failed
Success = 0; Fail = 20
1 1 1 1 1 
1 0 1 1 
1 1 1 
1 1 
1 
1 1 1 1 1 
1 1 0 0 
1 1 1 
1 1 
1 
1 1 1 1 1 
1 1 1 0 
1 0 1 
0 1 
1 
1 0 1 1 1 
1 0 1 0 
1 1 1 
0 1 
1 
1 1 0 0 1 
1 0 1 0 
1 1 1 
0 1 
1 
1 1 0 0 1 
1 0 0 0 
1 0 1 
1 1 
1 
1 1 0 0 1 
1 0 0 1 
1 0 0 
1 0 
1 
1 1 0 0 0 
1 0 0 0 
1 0 1 
1 0 
1 
0 0 1 0 0 
1 0 0 0 
1 0 1 
1 0 
1 
1 0 1 0 0 
0 0 0 0 
0 0 1 
1 0 
1 
1 0 1 0 0 
0 0 0 0 
1 0 1 
0 0 
0 
Failed
Success = 0; Fail = 21
1 1 1 1 1 
1 0 1 1 
1 1 1 
1 1 
1 
1 1 1 1 1 
1 1 0 0 
1 1 1 
1 1 
1 
1 1 1 1 1 
1 1 1 0 
1 0 1 
0 1 
1 
1 1 1 0 1 
1 1 0 0 
1 1 1 
0 1 
1 
1 1 1 0 1 
1 1 0 1 
1 1 0 
0 0 
1 
1 1 1 0 1 
1 0 0 1 
1 0 0 
0 1 
1 
1 1 1 0 0 
1 0 0 0 
1 0 1 
0 1 
1 
1 1 1 0 0 
1 0 0 1 
1 0 0 
0 0 
1 
1 1 1 0 0 
0 0 0 1 
0 0 0 
1 0 
1 
1 0 0 1 0 
0 0 0 1 
0 0 0 
1 0 
1 
1 0 0 1 0 
0 0 0 1 
1 0 0 
0 0 
0 
Failed
Success = 0; Fail = 22
1 1 1 1 1 
1 0 1 1 
1 1 1 
1 1 
1 
1 1 1 1 1 
1 1 1 1 
1 0 1 
1 0 
1 
1 1 1 1 1 
1 1 1 0 
1 0 0 
1 1 
1 
1 1 0 1 1 
1 1 0 0 
1 0 1 
1 1 
1 
1 1 1 0 0 
1 1 0 0 
1 0 1 
1 1 
1 
1 0 0 1 0 
1 1 0 0 
1 0 1 
1 1 
1 
1 0 0 1 0 
1 1 0 1 
1 0 0 
1 0 
1 
1 0 0 1 0 
0 0 1 1 
1 0 0 
1 0 
1 
1 0 0 1 0 
0 1 0 0 
1 0 0 
1 0 
1 
1 0 1 1 0 
0 0 0 0 
0 0 0 
1 0 
1 
1 0 0 0 1 
0 0 0 0 
0 0 0 
1 0 
1 
1 0 0 0 1 
0 0 0 0 
1 0 0 
0 0 
0 
Failed
Success = 0; Fail = 23
1 1 1 1 1 
1 0 1 1 
1 1 1 
1 1 
1 
1 1 1 1 1 
1 1 0 0 
1 1 1 
1 1 
1 
1 1 1 1 1 
0 0 1 0 
1 1 1 
1 1 
1 
1 1 1 1 1 
1 0 1 0 
0 1 1 
0 1 
1 
1 1 1 1 1 
1 1 1 0 
0 0 1 
0 0 
1 
1 1 0 1 1 
1 0 1 0 
1 0 1 
0 0 
1 
1 1 0 0 1 
1 0 0 0 
1 1 1 
0 0 
1 
1 1 0 0 1 
0 0 0 0 
0 1 1 
1 0 
1 
1 1 0 0 1 
0 0 0 0 
1 1 1 
0 0 
0 
0 0 1 0 1 
0 0 0 0 
1 1 1 
0 0 
0 
Failed
Success = 0; Fail = 24
1 1 1 1 1 
1 0 1 1 
1 1 1 
1 1 
1 
1 1 1 1 1 
1 1 0 0 
1 1 1 
1 1 
1 
1 1 1 1 1 
1 1 0 1 
1 1 0 
1 0 
1 
1 1 1 1 1 
0 0 1 1 
1 1 0 
1 0 
1 
1 1 1 1 1 
1 0 1 1 
0 1 0 
0 0 
1 
1 1 0 1 1 
1 0 0 1 
0 1 1 
0 0 
1 
1 1 0 1 1 
1 0 0 1 
1 0 0 
0 0 
1 
0 0 1 1 1 
1 0 0 1 
1 0 0 
0 0 
1 
0 0 1 1 1 
0 0 0 1 
0 0 0 
1 0 
1 
0 1 0 0 1 
0 0 0 1 
0 0 0 
1 0 
1 
0 1 0 0 0 
0 0 0 0 
0 0 1 
1 0 
1 
0 1 0 0 0 
0 0 0 0 
1 0 1 
0 0 
0 
Failed
Success = 0; Fail = 25
1 1 1 1 1 
1 0 1 1 
1 1 1 
1 1 
1 
1 1 1 1 1 
1 1 0 0 
1 1 1 
1 1 
1 
1 1 1 1 1 
1 1 0 1 
1 1 0 
1 0 
1 
1 1 1 1 1 
0 0 1 1 
1 1 0 
1 0 
1 
1 1 1 1 1 
1 0 1 1 
0 1 0 
0 0 
1 
1 1 1 1 0 
1 0 1 0 
0 1 1 
0 0 
1 
1 1 1 1 0 
1 0 1 0 
1 0 0 
0 0 
1 
1 1 0 0 1 
1 0 1 0 
1 0 0 
0 0 
1 
1 1 0 0 1 
0 0 1 0 
0 0 0 
1 0 
1 
0 0 1 0 1 
0 0 1 0 
0 0 0 
1 0 
1 
0 0 0 0 1 
0 0 0 0 
0 0 1 
1 0 
1 
0 0 0 0 1 
0 0 0 0 
1 0 1 
0 0 
0 
Failed
Success = 0; Fail = 26
1 1 1 1 1 
1 0 1 1 
1 1 1 
1 1 
1 
1 1 1 1 1 
1 1 1 1 
1 0 1 
1 0 
1 
1 0 1 1 1 
1 0 1 1 
1 1 1 
1 0 
1 
1 0 1 1 1 
1 1 0 0 
1 1 1 
1 0 
1 
1 1 1 1 1 
1 0 0 0 
1 0 1 
1 0 
1 
Failed
Success = 0; Fail = 27
1 1 1 1 1 
1 0 1 1 
1 1 1 
1 1 
1 
1 1 1 1 1 
1 1 0 0 
1 1 1 
1 1 
1 
1 1 1 1 1 
1 1 1 0 
1 0 1 
0 1 
1 
1 0 1 1 1 
1 0 1 0 
1 1 1 
0 1 
1 
1 0 1 1 1 
1 1 1 0 
1 0 1 
0 0 
1 
1 0 1 0 1 
1 1 0 0 
1 1 1 
0 0 
1 
1 0 1 0 1 
0 0 1 0 
1 1 1 
0 0 
1 
1 0 1 1 1 
0 0 0 0 
1 0 1 
0 0 
1 
1 1 0 0 1 
0 0 0 0 
1 0 1 
0 0 
1 
0 0 1 0 1 
0 0 0 0 
1 0 1 
0 0 
1 
Failed
Success = 0; Fail = 28
1 1 1 1 1 
1 0 1 1 
1 1 1 
1 1 
1 
1 1 1 1 1 
1 1 1 1 
1 0 1 
1 0 
1 
1 0 1 1 1 
1 0 1 1 
1 1 1 
1 0 
1 
1 0 1 1 1 
1 0 1 0 
1 1 0 
1 1 
1 
1 0 1 1 1 
1 1 1 0 
1 0 0 
1 0 
1 
1 1 0 0 1 
1 1 1 0 
1 0 0 
1 0 
1 
1 1 1 0 1 
1 0 1 0 
0 0 0 
1 0 
1 
1 0 0 1 1 
1 0 1 0 
0 0 0 
1 0 
1 
0 0 0 1 1 
0 0 1 0 
1 0 0 
1 0 
1 
0 0 0 1 1 
1 0 1 0 
0 0 0 
0 0 
1 
0 0 0 0 1 
1 0 0 0 
0 1 0 
0 0 
1 
Failed
Success = 0; Fail = 29
1 1 1 1 1 
1 0 1 1 
1 1 1 
1 1 
1 
1 1 1 1 1 
1 1 1 1 
1 0 1 
1 0 
1 
1 1 1 1 1 
1 1 1 0 
1 0 0 
1 1 
1 
1 1 1 1 1 
1 0 0 1 
1 0 0 
1 1 
1 
1 1 1 1 0 
1 0 0 0 
1 0 1 
1 1 
1 
1 1 1 1 0 
1 0 0 1 
1 0 0 
1 0 
1 
1 1 0 0 1 
1 0 0 1 
1 0 0 
1 0 
1 
0 0 1 0 1 
1 0 0 1 
1 0 0 
1 0 
1 
1 0 1 0 1 
0 0 0 1 
0 0 0 
1 0 
1 
1 0 1 0 0 
0 0 0 0 
0 0 1 
1 0 
1 
1 0 1 0 0 
0 0 0 0 
1 0 1 
0 0 
0 
Failed
Success = 0; Fail = 30
1 1 1 1 1 
1 0 1 1 
1 1 1 
1 1 
1 
1 1 1 1 1 
1 1 0 0 
1 1 1 
1 1 
1 
1 1 1 1 1 
1 1 0 1 
1 1 0 
1 0 
1 
1 1 1 1 1 
1 0 0 1 
1 0 0 
1 1 
1 
1 1 1 1 0 
1 0 0 0 
1 0 1 
1 1 
1 
1 1 0 0 1 
1 0 0 0 
1 0 1 
1 1 
1 
1 1 0 0 1 
1 0 0 1 
1 0 0 
1 0 
1 
0 0 1 0 1 
1 0 0 1 
1 0 0 
1 0 
1 
1 0 1 0 1 
0 0 0 1 
0 0 0 
1 0 
1 
1 0 1 0 0 
0 0 0 0 
0 0 1 
1 0 
1 
1 0 1 0 0 
0 0 0 0 
1 0 1 
0 0 
0 
Failed
Success = 0; Fail = 31
1 1 1 1 1 
1 0 1 1 
1 1 1 
1 1 
1 
1 1 1 1 1 
1 1 1 1 
1 0 1 
1 0 
1 
1 0 1 1 1 
1 0 1 1 
1 1 1 
1 0 
1 
1 0 1 1 1 
1 1 0 0 
1 1 1 
1 0 
1 
1 0 1 1 1 
1 1 1 0 
1 0 1 
0 0 
1 
1 0 1 1 1 
0 1 1 0 
0 0 1 
1 0 
1 
1 0 1 1 1 
0 0 0 1 
0 0 1 
1 0 
1 
1 1 0 0 1 
0 0 0 1 
0 0 1 
1 0 
1 
1 1 0 0 1 
0 0 0 1 
1 0 1 
0 0 
0 
0 0 1 0 1 
0 0 0 1 
1 0 1 
0 0 
0 
0 0 1 0 1 
0 0 0 0 
1 0 0 
0 1 
0 
Failed
Success = 0; Fail = 32
1 1 1 1 1 
1 0 1 1 
1 1 1 
1 1 
1 
1 1 1 1 1 
1 1 0 0 
1 1 1 
1 1 
1 
1 1 1 1 1 
0 0 1 0 
1 1 1 
1 1 
1 
1 1 1 1 1 
0 0 1 1 
1 1 0 
1 0 
1 
1 1 1 1 1 
0 1 0 0 
1 1 0 
1 0 
1 
1 1 1 1 1 
1 1 0 0 
0 1 0 
0 0 
1 
1 1 1 1 1 
0 0 1 0 
0 1 0 
0 0 
1 
1 1 0 1 1 
0 0 0 0 
0 1 1 
0 0 
1 
1 1 0 1 1 
0 0 0 0 
1 0 0 
0 0 
1 
0 0 1 1 1 
0 0 0 0 
1 0 0 
0 0 
1 
0 1 0 0 1 
0 0 0 0 
1 0 0 
0 0 
1 
Failed
Success = 0; Fail = 33
1 1 1 1 1 
1 0 1 1 
1 1 1 
1 1 
1 
1 1 1 1 1 
1 1 0 0 
1 1 1 
1 1 
1 
1 1 1 1 1 
0 0 1 0 
1 1 1 
1 1 
1 
1 1 1 1 1 
1 0 1 0 
0 1 1 
0 1 
1 
1 1 1 1 1 
1 1 1 0 
0 0 1 
0 0 
1 
1 1 0 1 1 
1 0 1 0 
1 0 1 
0 0 
1 
1 1 1 0 0 
1 0 1 0 
1 0 1 
0 0 
1 
1 0 0 1 0 
1 0 1 0 
1 0 1 
0 0 
1 
1 0 1 1 0 
1 0 0 0 
1 0 0 
0 0 
1 
1 1 0 0 0 
1 0 0 0 
1 0 0 
0 0 
1 
1 1 0 0 0 
0 0 0 0 
0 0 0 
1 0 
1 
0 0 1 0 0 
0 0 0 0 
0 0 0 
1 0 
1 
0 0 1 0 0 
0 0 0 0 
1 0 0 
0 0 
0 
Failed
Success = 0; Fail = 34
1 1 1 1 1 
1 0 1 1 
1 1 1 
1 1 
1 
1 1 1 1 1 
1 1 0 0 
1 1 1 
1 1 
1 
1 1 1 1 1 
1 1 0 1 
1 1 0 
1 0 
1 
1 1 1 1 1 
1 1 0 1 
0 0 1 
1 0 
1 
1 0 1 1 1 
1 0 0 1 
0 1 1 
1 0 
1 
1 1 0 0 1 
1 0 0 1 
0 1 1 
1 0 
1 
1 1 0 0 1 
1 0 1 1 
0 0 1 
0 0 
1 
1 1 0 0 1 
1 0 1 0 
0 0 0 
0 1 
1 
0 1 0 0 1 
0 0 1 0 
1 0 0 
0 1 
1 
0 1 0 0 1 
0 0 1 0 
1 0 1 
0 0 
0 
0 1 1 0 1 
0 0 0 0 
1 0 0 
0 0 
0 
1 0 0 0 1 
0 0 0 0 
1 0 0 
0 0 
0 
Failed
Success = 0; Fail = 35
1 1 1 1 1 
1 0 1 1 
1 1 1 
1 1 
1 
1 1 1 1 1 
1 1 1 1 
1 0 1 
1 0 
1 
1 1 1 0 1 
1 1 0 1 
1 1 1 
1 0 
1 
1 1 1 0 1 
0 0 1 1 
1 1 1 
1 0 
1 
1 1 1 0 1 
0 0 1 0 
1 1 0 
1 1 
1 
1 1 1 0 1 
0 1 1 0 
1 0 0 
1 0 
1 
1 1 1 0 1 
1 1 1 0 
0 0 0 
0 0 
1 
1 0 0 1 1 
1 1 1 0 
0 0 0 
0 0 
1 
1 0 0 0 1 
1 1 0 0 
0 1 0 
0 0 
1 
1 1 0 0 1 
1 0 0 0 
0 0 0 
0 0 
1 
0 0 1 0 1 
1 0 0 0 
0 0 0 
0 0 
1 
Failed
Success = 0; Fail = 36
1 1 1 1 1 
1 0 1 1 
1 1 1 
1 1 
1 
1 1 1 1 1 
1 1 0 0 
1 1 1 
1 1 
1 
1 1 1 1 1 
1 1 1 0 
1 0 1 
0 1 
1 
1 0 1 1 1 
1 0 1 0 
1 1 1 
0 1 
1 
1 0 1 1 1 
0 0 1 0 
0 1 1 
1 1 
1 
1 1 0 0 1 
0 0 1 0 
0 1 1 
1 1 
1 
0 0 1 0 1 
0 0 1 0 
0 1 1 
1 1 
1 
0 0 1 0 1 
0 0 1 0 
1 1 1 
0 1 
0 
0 0 1 0 1 
0 0 1 1 
1 1 0 
0 0 
0 
0 0 0 0 1 
0 0 0 1 
1 1 1 
0 0 
0 
0 0 0 0 1 
0 0 0 0 
1 1 0 
0 1 
0 
0 0 0 0 1 
0 0 0 0 
0 0 1 
0 1 
0 
0 0 0 0 1 
0 0 0 1 
0 0 0 
0 0 
0 
0 0 0 0 0 
0 0 0 0 
0 0 1 
0 0 
0 
Success
Success = 1; Fail = 36
